
103973,307.7  
4602,6923.092  
131,218567.661  
2911,10894.138333333334  
11936,2676.533  
81006,394.924  
11861,2697.1716666666666  
3953,8090.153333333333  
6112,5211.749333333333  
58579,546.0963333333333  
48054,665.7603333333333  
66905,478.1423333333333  
31795,1006.1453333333333  
16009,1998.5766666666666  
104572,305.9336666666666  
3561,8916.360666666667  
94342,339.0943333333333  
12642,2528.387666666667  
101655,314.733  
98903,323.47  
93082,343.69100000000003  
98525,324.6956666666667  
59012,542.12  
101932,313.8633333333333  
106229,301.15566666666666  
104494,306.167  
104400,306.43666666666667  
106142,301.421  
83842,381.567  
96669,330.9433333333333  
106768,299.66966666666667  
72309,442.0276666666667  
82317,388.6483333333333  
105867,302.2033333333333  
3309,9517.301333333333  
105309,303.83933333333334  
103230,309.90833333333336  
104989,304.75533333333334  
20556,1554.7773333333334  
105729,302.58033333333333  
99609,321.21599999999995  
105340,303.716  
105261,304.01399999999995  
96062,333.05400000000003  
104498,306.14866666666666  
106134,301.44800000000004  
98676,324.2583333333333  
103675,308.611  
106391,300.699  
106271,301.03833333333336  
104230,306.952  
92549,345.67233333333326  
107030,298.911  
76904,415.528  
105781,302.468  
83071,385.1276666666666  
104063,307.43333333333334  
95101,336.51033333333334  
68916,464.231  
106498,300.3913333333333  
106316,300.9293333333333  
104508,306.1323333333333  
90495,353.5886666666667  
95760,334.07666666666665  
105476,303.34133333333335  
105191,304.1383333333334  
101206,316.127  
104973,304.767  
8675,3686.1649999999995  
104633,305.76366666666667  
105047,304.547  
104365,306.559  
99760,320.69233333333335  
104826,305.19599999999997  
43358,737.8073333333333  
106386,300.72433333333333  
93475,342.24533333333335  
89652,356.837  
105687,302.70133333333337  
103424,309.35999999999996  
102543,312.016  
102427,312.327  
75720,422.56200000000007  
104353,306.57099999999997  
98567,324.5833333333333  
102454,312.26666666666665  
106036,301.72499999999997  
96996,329.849  
14231,2248.333  
105900,302.15366666666665  
97710,327.44233333333335  
96146,332.78433333333334  
102389,312.45533333333333  
105040,304.58166666666665  
98062,326.243  
96000,333.23866666666663  
104502,306.125  
105286,303.88000000000005  
104359,306.5886666666667  
103186,310.07099999999997  
79665,401.56933333333336  
103693,308.543  
105540,303.1483333333333  
92896,344.4113333333333  
105217,304.1093333333333  
98764,323.9796666666666  
104810,305.2463333333333  
104451,306.322  
856,36486.62466666667  
105866,302.18799999999993  
106259,301.07366666666667  
98553,324.6286666666667  
93062,343.78966666666673  
103535,308.988  
1584,20185.643666666667  
104323,306.69666666666666  
105676,302.73866666666663  
105326,303.76500000000004  
51285,623.8059999999999  
103349,309.55466666666666  
101006,316.74033333333335  
103696,308.5246666666667  
104515,306.105  
103554,308.92699999999996  
5762,5528.673333333333  
97531,328.029  
105338,303.709  
105178,304.18433333333337  
72902,438.9283333333333  
104587,305.887  
105160,304.222  
102434,312.3216666666667  
105324,303.777  
3786,8409.238333333333  
104130,307.23533333333336  
101755,314.42400000000004  
93190,343.3386666666667  
104275,306.82866666666666  
100021,319.92533333333336  
99690,320.90933333333334  
106325,300.89833333333337  
105571,303.0423333333333  
85708,373.24  
97708,327.4266666666667  
102279,312.78266666666667  
96012,333.19666666666666  
94981,336.82666666666665  
104564,305.95866666666666  
103359,309.50966666666665  
103016,310.5876666666667  
103019,310.56766666666664  
99843,320.4243333333333  
72130,443.34066666666666  
95782,334.0016666666666  
100049,319.7803333333333  
103524,309.03866666666664  
31168,1026.0353333333335  
86157,371.3283333333333  
93388,342.59633333333335  
104660,305.69666666666666  
101511,315.16433333333333  
104022,307.558  
105932,302.0063333333333  
91488,349.683  
16836,1901.1213333333335  
80465,397.66499999999996  
105612,302.93966666666665  
104598,305.855  
105348,303.67766666666665  
74944,426.9546666666667  
99073,322.90066666666667  
100498,318.34533333333326  
104508,306.135  
100242,319.18766666666664  
103082,310.3723333333333  
95799,333.9723333333333  
57617,555.333  
98358,325.25600000000003  
4168,7674.092666666666  
106961,299.107  
102308,312.7083333333333  
102919,310.84999999999997  
97118,329.42466666666667  
105910,302.0613333333333  
98730,324.0316666666667  
104766,305.37  
103344,309.58533333333327  
98403,325.11566666666664  
102466,312.21933333333334  
75013,426.4363333333333  
104541,306.04566666666665  
104364,306.58166666666665  
100410,318.6106666666667  
103016,310.54299999999995  
99505,321.516  
79301,403.40000000000003  
106458,300.50166666666667  
97890,326.8063333333334  
103264,309.811  
103676,308.57733333333334  
105477,303.31566666666663  
106298,300.97999999999996  
105322,303.75033333333334  
102512,312.072  
73764,433.674  
105464,303.3443333333333  
106187,301.35833333333335  
97872,326.87333333333333  
105341,303.7126666666666  
103963,307.73066666666665  
107140,298.601  
62850,509.0663333333334  
105246,303.992  
106675,299.909  
30855,1036.5793333333334  
102923,310.8403333333333  
57758,553.808  
102711,311.49566666666664  
105622,302.8876666666667  
12889,2480.11  
97710,327.444  
103613,308.7746666666667  
105025,304.623  
98597,324.4843333333333  
102561,311.95533333333333  
102459,312.2486666666666  
69731,458.7486666666666  
175,163747.47199999998  
103305,309.706  
99028,323.0643333333333  
96543,331.37966666666665  
104644,305.7683333333334  
101282,315.8883333333333  
104696,305.57599999999996  
84723,377.62566666666663  
17579,1819.2343333333336  
94497,338.54133333333334  
104206,307.03400000000005  
103456,309.2266666666667  
41091,779.6006666666666  
4900,6522.629666666667  
102725,311.44100000000003  
105704,302.67066666666665  
105620,302.89433333333335  
102725,311.45166666666665  
97523,328.06033333333335  
105128,304.318  
22035,1451.7613333333331  
31338,1020.6260000000001  
106075,301.6086666666667  
97578,327.87399999999997  
90488,353.742  
81873,390.80566666666664  
85878,373.36566666666664  
102052,314.16966666666667  
5724,5578.8076666666675  
106637,300.02400000000006  
106197,301.2576666666667  
95574,334.7663333333333  
104212,307.012  
105732,302.58633333333336  
91686,348.9373333333333  
73154,437.35266666666666  
104377,306.516  
104966,304.7916666666667  
103071,310.395  
105096,304.41766666666666  
105480,303.2916666666667  
88990,359.5036666666667  
105359,303.6773333333333  
100975,316.85200000000003  
78767,406.15433333333334  
104818,305.35566666666665  
98135,325.9976666666667  
105456,303.3583333333333  
103081,310.3666666666666  
106620,300.103  
105283,303.86966666666666  
105427,303.45166666666665  
105569,303.07  
101250,316.0016666666667  
107132,298.63433333333336  
96612,331.12833333333333  
105790,302.4246666666667  
104749,305.4293333333333  
105621,302.89366666666666  
105662,302.7746666666667  
104343,306.6166666666667  
101284,315.86633333333333  
106252,301.09066666666666  
101643,314.75166666666667  
102559,311.91966666666667  
4312,7380.855666666667  
107776,296.8426666666667  
100256,319.207  
36507,876.0146666666666  
102534,312.0296666666666  
107610,297.3163333333334  
107091,298.75966666666665  
100019,319.8823333333333  
104935,304.88899999999995  
107113,298.719  
15625,2050.2889999999998  
106249,301.10266666666666  
52922,604.561  
96545,331.373  
93499,342.1773333333333  
4574,6942.204333333334  
106289,300.98333333333335  
105126,304.334  
63678,502.407  
102966,310.7043333333333  
104243,306.8986666666667  
105471,303.359  
106226,301.201  
107625,297.27933333333334  
101256,315.9646666666667  
103953,307.77299999999997  
103841,308.113  
104087,307.38433333333336  
9203,3494.257  
106339,300.84166666666664  
106935,299.185  
105743,302.54133333333334  
102828,311.13966666666664  
87374,366.20733333333334  
103883,307.99766666666665  
101530,315.0986666666667  
2021,15702.730333333333  
103482,309.19533333333334  
99099,322.77500000000003  
76590,417.80299999999994  
107480,297.6616666666667  
107469,297.677  
106310,300.9493333333333  
104247,306.8983333333333  
102713,311.49133333333333  
102541,311.9963333333333  
106049,301.66333333333336  
102669,311.612  
88846,360.1016666666667  
57971,551.8056666666666  
28035,1141.857  
37040,863.6873333333333  
106394,300.705  
36077,886.6196666666666  
82973,385.57099999999997  
103387,309.47633333333334  
103328,309.64233333333334  
94605,338.1816666666667  
106970,299.104  
106419,300.6313333333333  
102365,312.52099999999996  
102180,313.1586666666667  
15626,2045.5249999999999  
102380,312.4936666666667  
105896,302.1136666666667  
88570,361.20633333333336  
101163,316.26  
106946,299.15433333333334  
105872,302.18300000000005  
57336,557.9933333333333  
105816,302.324  
107053,298.87433333333337  
104902,305.00666666666666  
107137,298.6276666666667  
100486,318.36133333333333  
104992,304.7006666666667  
82096,389.6806666666667  
95823,333.8823333333333  
102305,312.7326666666666  
106502,300.411  
100027,319.8693333333333  
105320,303.8403333333333  
89945,355.67266666666666  
102076,313.421  
107559,297.4386666666667  
103147,310.17  
101815,314.20133333333337  
104111,307.28799999999995  
103379,309.46166666666664  
105571,303.045  
106288,300.99666666666667  
2548,12441.469666666666  
90522,353.435  
93096,343.68100000000004  
105467,303.33099999999996  
101463,315.3106666666667  
107060,298.848  
103312,309.67966666666666  
103919,307.858  
107656,297.17566666666664  
81674,391.634  
80307,398.353  
102714,311.4703333333333  
106456,300.51  
100643,317.8913333333333  
90986,351.60966666666667  
105546,303.1083333333333  
100855,317.21666666666664  
101699,314.56600000000003  
70328,455.00533333333334  
105894,302.12566666666663  
106975,299.09166666666664  
[0.005625890877560285, 0.0009397898213723887, 0.051114022035727256, 0.2217237525498905, 0.024306519464330083, 0.001668077711761988, 0.00010203013004651456, 0.6230498708202429, 0.0, 0.0012400828995540914, 0.07022996368951402, 0.0, 0.0]
[0.007625485924613533, 0.00022833442095274262, 0.0023677159295917476, 0.1995132607845325, 0.028487178617475385, 0.0008141164829778283, 0.00024901110100494095, 0.7203526804132115, 0.0, 0.0, 0.04036221632563978, 0.0, 0.0]
[0.006395656401181793, 0.06039261322913639, 0.04873634298705202, 0.35516504004321225, 0.013853019158479103, 0.0004253627653454684, 0.0004886122009066259, 0.5145433532146864, 0.0, 0.0, 0.0, 0.0, 0.0]
[0.0021853429434041923, 0.007899751245076426, 0.11618975261895081, 0.33883104502545996, 0.03565379947703138, 0.0003898847279323977, 0.013306363140872362, 0.4707801803973646, 0.0, 0.014763880423907966, 0.0, 0.0, 0.0]
[0.00661543679965665, 0.001463065657823115, 0.027045893208259713, 0.16341475361959146, 0.035292816913529416, 0.0, 0.007486450528257565, 0.46187191007584766, 0.11289832152414496, 0.18391135167288958, 0.0, 0.0, 0.0]
[0.005814543125738143, 0.047321393634193853, 0.011366448106393662, 0.1429167624802371, 0.021544818877164494, 0.0008444776810640056, 0.024551249935143443, 0.490358791293595, 0.1473731357276556, 0.06366310026914412, 0.026650992293227743, 0.017594286576442845, 0.0]
[0.004916491815317026, 0.0015017283902400108, 0.021950264898375357, 0.062007404723924305, 0.007543958707320812, 0.0050182699231447045, 0.00023506410949759003, 0.6454532652384635, 0.10328837116477795, 0.0639604430010743, 0.08412473802786456, 0.0, 0.0]
[0.005010923954261273, 0.013149331964699489, 0.02050546340668647, 0.18427738355807813, 0.042606900786391864, 0.00019655451845754942, 0.007671206243530378, 0.4901568301429709, 0.15149066190329283, 0.0370484335585656, 0.040621194408288916, 0.007265115554776739, 0.0]
[0.0029207628619863013, 0.00512210134524171, 0.03622609995970756, 0.1067026017738699, 0.019710821416348022, 0.005678609538453909, 7.452178858405945e-05, 0.5950881473692804, 0.07664451703041388, 0.07446062751243995, 0.07733754528473731, 0.0, 3.3644118936993885e-05]
[0.01688163786445335, 0.027032069794790694, 0.05921749503785547, 0.2726605846529032, 0.02355674990457475, 0.0, 0.0, 0.33371630644468653, 0.09825335459143866, 0.09222764201576521, 0.07639052659849017, 0.0, 6.363309504195649e-05]
[0.014203333093496029, 0.03740115726631851, 0.016563607941920088, 0.11955580657856484, 0.005219141093605745, 0.0, 0.00039362381894588225, 0.6438909747947955, 0.0467363398003829, 0.061052498701293055, 0.05493927335974245, 4.424355093495688e-05, 0.0]
[0.008334599339182609, 0.03135030078416509, 0.030218535084465696, 0.251446955437287, 0.005994286153756834, 2.739179772721346e-05, 0.01015813491139273, 0.44200421233168397, 0.0718121492830483, 0.10724957423006329, 0.0329796921698751, 0.008424168477352261, 0.0]
[0.014656323632936636, 0.041896853311055283, 0.031095408649176974, 0.23285358275141038, 0.005602128306762338, 0.001132265658270936, 0.004722106088043261, 0.44229792032147364, 0.07979011420659661, 0.06854529256369338, 0.07740800451058057, 0.0, 0.0]
[0.011951986776742403, 0.023351126518017705, 0.01742564990938897, 0.06594717466308152, 0.04585620160564931, 0.00021001938130917885, 0.0032413539536693173, 0.5381546713201242, 0.12285559306184468, 0.054875717192635246, 0.1161305056175375, 0.0, 0.0]
[0.01436245905890667, 0.010499008896624824, 0.015820792701979787, 0.22338894907822668, 0.012822057269023492, 0.0021740039154103203, 0.00027384161874656856, 0.41591169190020594, 0.12046320165664488, 0.07892844952036578, 0.10535554438386507, 0.0, 0.0]
[0.027160915225392213, 0.019138354606569943, 0.011846415944238289, 0.03175529850077653, 0.009278517857383577, 5.612291455383612e-05, 3.026905620964384e-05, 0.7262733136716332, 0.08363761901101283, 0.0618396491721853, 0.02898352404004468, 0.0, 0.0]
[0.017948265982177462, 0.009122164314452154, 0.013335134320975035, 0.07902430230958842, 0.0035833475289102222, 0.004226898397792887, 0.0008655421272635495, 0.6512493914176728, 0.026071850648306586, 0.10875189710139986, 0.0858212058514611, 0.0, 0.0]
[0.02114844322070464, 0.010626203204783032, 0.010045936292330575, 0.2072057047601536, 0.03249278061191952, 0.0004288603789256527, 0.0008472429589886126, 0.3916927045676405, 0.12337393490936416, 0.0502001171676274, 0.133903335909526, 0.017960556365412945, 7.417965262328274e-05]
[0.013939258612205399, 0.029065754589374417, 0.005127380728927451, 0.10191771629269304, 0.012005813863695291, 0.0010936632446263733, 0.006484979862166475, 0.5527270541449217, 0.057688963671544836, 0.11141618981592342, 0.10291264891686232, 0.005156978733462815, 0.00046359752359646214]
[0.04331632505717454, 0.02945913544743367, 0.01674790834300542, 0.23054963134328196, 0.02579780761065355, 0.0011766111017980426, 0.0006244230294505228, 0.35577069340203454, 0.061157126382319335, 0.13647416158136938, 0.09304595303530998, 0.0058678265056814494, 1.2397160487551102e-05]
[0.012040424763178691, 0.03571781159601438, 0.0027464764130687037, 0.18800405938848047, 0.009217837076462928, 0.00041460438170781776, 0.0007400829040089284, 0.4554578892065672, 0.12851613192813263, 0.03224616320380304, 0.1325895310962743, 0.0016549820420571019, 0.0006540060002436657]
[0.025881428745133515, 0.023663831983819057, 0.009105063886749953, 0.19593614376438243, 0.00920866156369145, 0.0006189963821202824, 0.006678025890494174, 0.4385087838021921, 0.09158134949140084, 0.10608057028837856, 0.090359769225132, 0.0020508915971528983, 0.0003264833793527717]
[0.034109016628473904, 0.028017900720401695, 0.012721925289125562, 0.1225658529727365, 0.025441758535173668, 0.0005082544244340984, 0.01016661561273159, 0.4228660696603554, 0.15056591900500416, 0.08968922222579899, 0.07817023063652082, 0.02238693385331445, 0.0027903004359292613]
[0.01829715951318847, 0.009239298786598082, 0.01001622001592189, 0.13525700478725516, 0.004906683292110562, 0.0006659942360635737, 0.001838636514771143, 0.5195661388571997, 0.10467759254398863, 0.08665020901842231, 0.07936685891569348, 0.026342988343737182, 0.0031752151750498066]
[0.021826190927361773, 0.013552472854486254, 0.002264792233156991, 0.03989907642692554, 0.00702248824031042, 0.002037498912717491, 0.0008252116921457108, 0.6166828504012771, 0.08552413723737587, 0.08999319491873616, 0.11545078774931991, 0.003966578417846573, 0.0009547199883401236]
[0.023512342240203363, 0.010717356622514712, 0.0010460491883967783, 0.04970547453842268, 0.007854180730171445, 0.000290048317701241, 0.0014417440477672223, 0.6546296332616056, 0.09010771030437097, 0.11951357522761359, 0.03636627417446222, 0.0023108489335817704, 0.0025047624131883653]
[0.03718505229796855, 0.011431137742532389, 0.015057832569043677, 0.1462879623968479, 0.02163611647409622, 0.0011883175989261872, 0.011349379114144409, 0.46197600523167914, 0.17957936463595411, 0.08289694827419546, 0.024436836512689394, 0.0051852377421615185, 0.0017898094097610457]
[0.017587485690158357, 0.00018035621424318684, 0.009008142285935194, 0.12193879278118547, 0.014678993376802105, 0.0009417027951430939, 0.0005142829505099891, 0.5827967273223955, 0.048624361699975666, 0.16806420792853105, 0.008750699858440767, 0.023728907737736303, 0.0031853393589433565]
[0.043390013029584326, 0.007526861331364564, 0.003909979878302282, 0.1465589964643556, 0.003939164742394161, 0.0009669488947127601, 0.002766206332299205, 0.6033473607657563, 0.11613013723745072, 0.046569054266471344, 0.001987026923600444, 0.020642307653619574, 0.0022659424800886827]
[0.015007647123117678, 0.02167206381907473, 6.191048365665225e-05, 0.06310204054005339, 0.00691033136465483, 0.0006262232504006449, 0.009309850413328944, 0.6361609618006793, 0.1335401086494868, 0.060535240591729836, 0.045351720579584455, 0.0048222407335064, 0.002899660650726416]
[0.01635776980193067, 0.003374277573755844, 0.00023848940825805395, 0.07242795161766279, 0.02226696616595135, 0.0013927319275979003, 0.0017767197740651483, 0.6112873962029474, 0.0730647118278717, 0.1677363065007191, 0.004839443769562063, 0.023042054914588748, 0.0021951805150892947]
[0.016514438188530968, 0.006625396588489639, 0.025841168953103545, 0.1977166063076432, 0.004450109218982782, 0.0028979588530705018, 0.003383602740833674, 0.4233430248916531, 0.09613600912756166, 0.13698458425106164, 0.05061913062345179, 0.022948741069049042, 0.01253922918656844]
[0.010657822269435405, 0.01776071431413696, 0.0009329712514496061, 0.4050143199325426, 0.007947967913296619, 0.004578116638112981, 0.0012820466202491019, 0.34394657474342955, 0.09562649339496514, 0.08593549817679959, 0.02081645961834347, 0.00523247741811602, 0.00026853770912301536]
[0.03160148731569072, 0.009854620891836498, 0.0006628965270208524, 0.13411949584684962, 0.0028801089755521726, 0.0005971293207367928, 0.003802162794129284, 0.634135108064762, 0.046295417469667186, 0.12668395712517416, 0.0005736373266783505, 0.007239582889462898, 0.001554395452439494]
[0.015132008191295992, 0.021082547230096893, 0.0011491015025894176, 0.0709060424216109, 0.006145199654913192, 0.0005916430087922429, 0.0013845158875613777, 0.6820375111159704, 0.14356649036704314, 0.04419169577226988, 0.004680057900884032, 0.007905919251429989, 0.0012272676955425534]
[0.026204490164540656, 0.009636485289267499, 0.009198590525453024, 0.03128038867152467, 0.005862129416085953, 0.0009655303873805773, 0.0034142286064498422, 0.6857395410175713, 0.16004047299380283, 0.05289417331335444, 0.006755326187636341, 0.0023693028172021347, 0.005639340609730702]
[0.018337789076935535, 0.00723028214960237, 0.0006962021863601891, 0.0985934130708772, 0.008505149240104507, 0.0004245852404868508, 0.014443763488494635, 0.6404818285183997, 0.09900560862303376, 0.08263452119385063, 0.00021384391872002534, 0.02734022085418959, 0.002092792438945088]
[0.02145341666512137, 0.007915627867185322, 0.0004883955263970199, 0.060251448305289695, 0.007298109053597948, 0.010883774798655562, 0.0031024867168897657, 0.6470465666134922, 0.18565029974605074, 0.02299781883534195, 0.00036066502395375145, 0.03017484795218101, 0.0023765428958435523]
[0.016341586844302643, 0.011195637188323254, 0.006991116376060101, 0.0546193139400086, 0.031110604608688818, 0.003992085491813964, 0.013791259346527604, 0.5821463370199654, 0.10195952445762006, 0.13799493386462833, 0.034494923783238984, 0.004316764903754209, 0.0010459121750680176]
[0.015021116289015604, 0.003989223310839115, 0.0018676077594460036, 0.03135599222040945, 0.007569921007450939, 0.0027024896365159504, 0.0009611416054879617, 0.659503104427682, 0.06687346616060853, 0.09057376745605451, 0.11551775250871243, 0.004064417617777491, 0.0]
[0.01757362116768935, 0.025211016340419168, 0.004066487092123701, 0.08884030471094641, 0.02506471773913514, 0.0025013760016557043, 0.000652408005390775, 0.5936490668496133, 0.08603163282712825, 0.11812479432221668, 0.032628711242403415, 0.003498662694191275, 0.002157201007086984]
[0.01698706584161984, 0.00791253713997355, 0.0024358423557449545, 0.0610732619167239, 0.011405385416310662, 0.006294346451867203, 0.0005357378602987459, 0.6523199527358765, 0.11310082122505724, 0.07454405758266626, 0.02459501969821576, 0.02475979785259415, 0.004036173923051375]
[0.00980903939392552, 0.006668540640041116, 0.015628840548441825, 0.06107999828504956, 0.016413718145341448, 0.008309762810760965, 0.0069902845821809044, 0.5889627468501157, 0.1343401944233462, 0.10702926356276413, 0.042353960198327885, 0.0022015536975021678, 0.00021209686220255964]
[0.02815060002037, 0.004362765679668531, 0.001984719781875308, 0.1608952479901877, 0.024376517366864466, 0.00854958071313128, 0.011234622101784952, 0.4071336950938781, 0.23934215843208878, 0.0638263708000957, 0.04085702182639024, 0.008148395440671757, 0.0011383047529931834]
[0.02010384279034391, 0.006760536151858579, 0.0033720320875079445, 0.03841578946726965, 0.0038240209128518193, 0.003024057309392038, 0.0020123782306876565, 0.5962401651025799, 0.13426255417108063, 0.08780383121201801, 0.055306062914769714, 0.04490173193024604, 0.003972997719393979]
[0.013951923633718397, 0.014269951597229482, 0.007193040955748149, 0.030563562791117643, 0.026860091495587667, 0.0037003192017085523, 0.0010126608487898655, 0.6474233858645914, 0.06872541908806631, 0.09899007303210856, 0.05636511914383966, 0.028459800401710485, 0.0024846519457838974]
[0.014794663532789484, 0.0061045585127390035, 0.0018107242152971732, 0.0707084434229373, 0.007796870807694038, 0.003502778593638448, 0.009850480479438355, 0.6369894692092466, 0.1304620183734857, 0.07664596069853705, 0.02526439242389167, 0.011662074897975001, 0.004407564832330119]
[0.009726079075069253, 0.007787425371270048, 0.004594190725583106, 0.028329482901008674, 0.004585542379553636, 0.002237467825171409, 0.0022910263594971276, 0.6496650036513515, 0.06023207237557891, 0.1474849358073167, 0.04628358218663599, 0.031264783764375935, 0.005518407577587707]
[0.007364244372556057, 0.008488809211826449, 0.0021674023700951673, 0.053767299533159826, 0.009982206672727815, 0.002531962212382937, 0.006130052219952327, 0.526874005137503, 0.10877967750989335, 0.21019860010940822, 0.03445117173091036, 0.028548685959137024, 0.0007158829604474724]
[0.010808260946956248, 0.010256788181651405, 0.0025290715130200526, 0.019330429500221496, 0.005355698389703853, 0.008408135594026733, 0.009265522503270772, 0.6832002063578612, 0.12902415039903478, 0.06588171153734644, 0.0011059993365560175, 0.05089301049576761, 0.003941015244583438]
[0.01999540498390039, 0.00952344857532037, 0.010160950116713051, 0.04944142567797573, 0.007636033695147466, 0.004818696755114985, 0.0022530496755988573, 0.7110403465279537, 0.11473815608926459, 0.04303309563873755, 0.008727093559191082, 0.016429899599044468, 0.0022023991060377904]
[0.016061592993476793, 0.006903009883733328, 0.0012180893875863644, 0.02003790186560763, 0.010920071735202676, 0.002412424281533944, 0.004297610058709984, 0.6745844731320082, 0.18299058198047283, 0.041746901891167976, 0.029360433150880078, 0.007809667115333116, 0.0016572425242871707]
[0.015700309019307114, 0.007074632660477717, 0.0031175738380949574, 0.01358741235366669, 0.003484591824090859, 0.0021272436739192, 0.005431056275859152, 0.681859946075591, 0.09593624859158303, 0.1514658239493817, 0.0011254870263042167, 0.01626568018785538, 0.00282399452386905]
[0.007516604974037224, 0.005093525658839122, 0.003069978831581617, 0.04801646414851609, 0.02556294992703208, 0.0036638549557490583, 0.005882598295313757, 0.5538253213994688, 0.19644954817372365, 0.07373634965818225, 0.047101932746596895, 0.02893922606172944, 0.0011416451692299527]
[0.017819036104535092, 0.009638009432767849, 0.00360925965840819, 0.03928468475084938, 0.004257965518605611, 0.0021763495531115003, 0.0022892062858551623, 0.5958727659873062, 0.19936049932737454, 0.029339684807461585, 0.031244908816211454, 0.06448893953072543, 0.0006186902267880854]
[0.010101417162240871, 0.014661705798517418, 0.0009519310549017336, 0.03865993927104462, 0.006114559806923398, 0.0020087649939138767, 0.0019676416106594783, 0.6726845341581789, 0.07359242223915638, 0.1257861012538875, 0.02436389037256996, 0.027065136585033615, 0.002041955692972365]
[0.03029312298606489, 0.020998257771190194, 0.011503945815650238, 0.04258154614878904, 0.005935534682476869, 0.0023266295593632395, 0.02277465129090925, 0.5704115814651661, 0.09542532401732412, 0.13314382416187762, 0.018539412529634362, 0.045498008460217405, 0.0005681611113366803]
[0.013868838789457971, 0.0049879663157655066, 0.0033319369816522853, 0.036972548038759795, 0.0038883632601130285, 0.0018510687327903258, 0.003736382514277113, 0.6567602209418162, 0.1206785097567344, 0.10111383028800854, 0.024542450552542484, 0.024682725897313053, 0.003585157930769376]
[0.012355461440454641, 0.0011963006093862463, 0.0010088762536753862, 0.022022861493883782, 0.007428513968514013, 0.013283457124154529, 0.002105391937443789, 0.6779928958171366, 0.13459642031985106, 0.06619620212074205, 0.04218669148134912, 0.01591902505853505, 0.00370790237487387]
[0.02102981229157566, 0.0077625183999618826, 0.005498846861372395, 0.014092209422573545, 0.004706343954681274, 0.001472980176921123, 0.003633579565140525, 0.7769188897771508, 0.07651933548331151, 0.07108769431759304, 0.0047972888991039565, 0.012057567514724168, 0.00042293333588982253]
[0.015888158961664418, 0.012807518751329622, 0.004667743525648064, 0.02510223626954567, 0.02928275378745984, 0.009779295027279441, 0.02118325380939855, 0.619526485144272, 0.16389131950228925, 0.03933408479459957, 0.0242276356228426, 0.033796271667586586, 0.0005132431360845277]
[0.02350256721864174, 0.027243778261116833, 0.00026282824221662046, 0.03174391092350687, 0.00801426328328914, 0.0029222971012368335, 0.0022331198618733344, 0.5984741110529624, 0.11883938023378511, 0.10874847534829053, 0.00789352243584402, 0.0688305778752063, 0.0012911681620302899]
[0.018503793116205106, 0.007601658358317646, 0.0028911711183754476, 0.015800134095638386, 0.012855854403785763, 0.011655741983194797, 0.0022569979601133536, 0.6126915918203754, 0.1807764726541972, 0.09721941654712091, 0.026347968323233672, 0.011257472176108717, 0.00014172744333368754]
[0.032568457898214526, 0.021699884429846453, 0.006845680146081063, 0.032657478713407705, 0.004692078188201636, 0.0026089469070591964, 0.044779228784266656, 0.5649389235371136, 0.09617017171992005, 0.13003477121019963, 0.015735112464274045, 0.04686025588198394, 0.0004090101194316322]
[0.012746975683058276, 0.00992168730006862, 0.0028423307286916544, 0.04498949785810544, 0.005593638404847877, 0.0037538758589911294, 0.023881965506621573, 0.6279131808351927, 0.18217509371999047, 0.05517527035136975, 0.0003311206096957138, 0.030614528659518813, 6.0834483848055453e-05]
[0.021153561981463048, 0.01410873173948873, 0.00463649744781308, 0.04961748900766941, 0.022992342018141525, 0.004742936127460047, 0.004122566902053255, 0.6361263375104189, 0.13666838954547383, 0.030164185638964107, 0.022912972190967128, 0.049878717183199195, 0.0028752727068877665]
[0.020025025669660683, 0.008160527525219279, 0.004827304345599106, 0.016133316272989133, 0.003925555217163577, 0.015431086894040522, 0.0022426229511264472, 0.7572689032183, 0.15963977488761782, 0.0, 0.0003323325418252699, 0.01168085093156987, 0.00033269954488826493]
[0.018293980562000278, 0.01129842235417012, 0.004163912714353291, 0.06927876091964663, 0.022511537197458985, 0.0027653789024560654, 0.002431302048766077, 0.6010986986057137, 0.13004724479714586, 0.07629747344059926, 0.024550396831753595, 0.03584465838841176, 0.0014182332375242998]
[0.017542275198646415, 0.013774668586313637, 0.0048817834343264765, 0.05859969314857545, 0.0029484443178768886, 0.0035602145649193976, 0.005663371213670766, 0.5969722472802046, 0.05618381491351998, 0.14755072997023255, 0.00011153638846725811, 0.09209704896432262, 0.000114172018923936]
[0.02132096522556371, 0.011298992341429679, 0.0018415581108143168, 0.03096094622024437, 0.021593693664389395, 0.0029335948636138587, 0.0022896248114488995, 0.6702672681000023, 0.08767382065611601, 0.04365637968415233, 0.053912961124771716, 0.05212829107015601, 0.0001219041272973696]
[0.02148090894848197, 0.00773033134071986, 0.004230192897946107, 0.032969667323515, 0.008578130463199309, 0.012426389074382864, 0.009966790775737488, 0.5672975782716874, 0.16386801756015315, 0.0965120085815038, 0.0034230199945123906, 0.07148855053130894, 2.8414236851750885e-05]
[0.016161723121106624, 0.026906490897780203, 0.003648945172182733, 0.01925575858200683, 0.007096071379293301, 0.005741711392649304, 0.02503551317628757, 0.6015760209384852, 0.16981866205481239, 0.03945679542513875, 0.012875001503448013, 0.07030204981373234, 0.0021252565430766555]
[0.024583513682249928, 0.016333421478722427, 0.002242585548681138, 0.030611800003573122, 0.011560674761523861, 0.003959389430577809, 0.00800921699604049, 0.6111715530742885, 0.08093079155923218, 0.13401015167808608, 0.0008221722881633092, 0.07428808141752824, 0.0014766480813329613]
[0.012808009187048589, 0.009343586987941266, 0.003037217439980773, 0.028384451766232298, 0.01355931659895838, 0.0061029796182825915, 0.003034326799201752, 0.6699156806218123, 0.14129579408530366, 0.0548109656863062, 0.012278404447622222, 0.03465005434491578, 0.0107792124163942]
[0.025699071906210614, 0.009686922333187345, 0.0024691277970853498, 0.03250749509361671, 0.006902112164201449, 0.009264538106945192, 0.009112719907522798, 0.6083421045899347, 0.16628182612726883, 0.037222412810871436, 0.0001768380676925114, 0.09138316734215675, 0.0009516637533063859]
[0.01922289298944326, 0.016302042174809732, 0.0023597446897693393, 0.040197173079113815, 0.009102220279778004, 0.006394779643004612, 0.006441284876154093, 0.5705636576368774, 0.18344541213163035, 0.06048330085360692, 4.9837299529393886e-05, 0.08298914868725969, 0.0024485056590234674]
[0.0211202571564599, 0.018156480919143753, 0.0030173942408018998, 0.05179496758016812, 0.016789114946428884, 0.009628055687178231, 0.007362730840009696, 0.5959205028336355, 0.18336430733501674, 0.03308691503659719, 0.012950211514313584, 0.04519289453036657, 0.0016161673798799306]
[0.015054528580414762, 0.005640790834604522, 0.004695873863821947, 0.03556679382076355, 0.004846066760288216, 0.009125981534989844, 0.005379435344429593, 0.6097489953798061, 0.14770549028004415, 0.10655007983027193, 0.02973022391976386, 0.025808460004267734, 0.000147279846533682]
[0.008487283684922346, 0.023326159519867544, 0.003066362660447539, 0.07679169583982795, 0.009664664196375275, 0.01923164314788576, 0.0030446156131450418, 0.6221689793710414, 0.14088843882226723, 0.053261169545117115, 5.285304137820951e-05, 0.039725080695357726, 0.0002910538623668251]
[0.020560647295073693, 0.025534602054356093, 0.003736713717750696, 0.06386195047613288, 0.003301958816906875, 0.0025618233112159367, 0.0026800216173279655, 0.5778066274124248, 0.06571316358626351, 0.12492881893376986, 0.00023615144324973364, 0.1079088046839928, 0.001168716651535138]
[0.03129271504284102, 0.025559566484162376, 0.0007831380113968659, 0.021441383417889797, 0.006392066779576792, 0.013850719274586814, 0.006984715241544233, 0.5190986392795902, 0.18417096732720548, 0.06165439666402902, 0.00015464168803563, 0.12765578552772197, 0.0009612652614197726]
[0.012942411338931674, 0.013163043777916765, 0.004133370029021119, 0.02120558562945519, 0.004647659888077352, 0.008770901873249836, 0.0034847417480662712, 0.5953554862871066, 0.1133082387074964, 0.1296398361101791, 0.00039275179643094723, 0.0928080565363269, 0.00014791627774198382]
[0.021936823979336505, 0.005632716091642534, 0.005906630821109169, 0.038120824331092304, 0.003893894170363068, 0.0076235478188120594, 0.002738691875594358, 0.6374713028698504, 0.11389290688789289, 0.11040443349584232, 0.0010152808250640708, 0.051249345817968604, 0.00011360101543155302]
[0.0195923258636711, 0.012621586937905584, 0.003695894307129495, 0.03021014898862233, 0.005138577419884396, 0.00613025909504043, 0.0023195323690138304, 0.6472915676404717, 0.11184579062869837, 0.1280900389793319, 0.00020211253613325965, 0.0324076539585712, 0.0004545112755265387]
[0.012909717616797312, 0.008140068390096615, 0.011866191929727094, 0.021433203057833444, 0.015111121322869972, 0.008999765505706272, 0.002856060432338521, 0.5707890467835811, 0.13843173236825232, 0.13229840146953797, 0.019272954792478838, 0.057653447416671624, 0.00023828891410892394]
[0.011999214424923868, 0.006678120612008134, 0.007277304448125564, 0.039868387266421, 0.0018055696091241642, 0.006559163047452741, 0.002519421680659411, 0.6847148181677053, 0.14886410772934347, 0.07374951565146022, 0.0002886448191023368, 0.015538126809515756, 0.0001376057341579013]
[0.028084628649880393, 0.012415545243358549, 0.00689745231916126, 0.08258969721574456, 0.010865052276455673, 0.010592842016738584, 0.009488920504813786, 0.4614879464882658, 0.14607041494577483, 0.11690191128701284, 0.01741073263337236, 0.09706926763233992, 0.0001255887870814462]
[0.029923211475136192, 0.024230835397460578, 0.007502680686761547, 0.018361598115378457, 0.011611513154872409, 0.0053256930069182015, 0.007480643834067277, 0.5579754092333932, 0.19628871302577608, 0.05030482561866104, 0.012348715781011937, 0.0663224172345598, 0.012323743436003398]
[0.021624757941370306, 0.009850606273648312, 0.004559751100124758, 0.01914258180956798, 0.005096466557055113, 0.004613919373499609, 0.002292763854160241, 0.733512190365077, 0.11303373130789204, 0.050305047779793145, 2.684114039321884e-05, 0.03379600804859191, 0.002145334448826457]
[0.021469825515904196, 0.014167439839981692, 0.004420456651870841, 0.020271775634224297, 0.008148144608328255, 0.0110245485844455, 0.018427810611242903, 0.7359190924933507, 0.008967212988544701, 0.10313107793591043, 0.0181304974410209, 0.033604118431493954, 0.0023179992636817182]
[0.03672427263606106, 0.0176891879602659, 0.004414142619417882, 0.03592267573496175, 0.009546656770884801, 0.011658812912490763, 0.00986008507534396, 0.6073267704002091, 0.13186913783276324, 0.06515345304661672, 0.0004218326235892803, 0.06789138120022234, 0.0015215911871730985]
[0.01738502514785559, 0.008791177108405464, 0.002506327610648849, 0.016500160892639802, 0.006821279085221166, 0.01109131333781731, 0.005797601490056141, 0.7301680400062003, 0.058741244559843406, 0.10477250902419273, 0.01095832955715091, 0.015430172288728772, 0.011036819891239658]
[0.023973219263649627, 0.014430996929437915, 0.004166482534972228, 0.028887833118557044, 0.010573276607760279, 0.01107445023781509, 0.003718587143061743, 0.6361888248793941, 0.07842987969462947, 0.11309988253690517, 0.005490507588489634, 0.06868436490728011, 0.0012816945580476217]
[0.03614219471214811, 0.012559155859398465, 0.008192308027008925, 0.044074840185296, 0.007270325594792054, 0.011818592793903366, 0.005681110891327173, 0.5671044706914811, 0.13038524142859903, 0.1087779431680586, 0.01572796168232771, 0.05173491548464456, 0.0005309394810148609]
[0.02493663299498907, 0.027192686748298795, 0.00549073538703821, 0.025157626178786415, 0.0013320780189959977, 0.0113139416778248, 0.0035215185427223098, 0.6471666603320803, 0.11139060456990321, 0.07692193492090939, 0.0004470955523779777, 0.06357720580269914, 0.0015512792733746053]
[0.020907556774085966, 0.010350188810349872, 0.008863795966161127, 0.022461877260378574, 0.005312366924467133, 0.0069341698338350796, 0.0035611012823364707, 0.737438265390408, 0.10347185395728842, 0.05206650336406249, 0.017277493837665137, 0.010686055082083696, 0.0006687715168779556]
[0.026714488919146805, 0.027642417696244773, 0.011473649190172838, 0.03501409502559672, 0.006343176412454804, 0.0066362746288187125, 0.011696409680772171, 0.6646668130613419, 0.02145785824049264, 0.12772840349612283, 0.0006587257559421434, 0.05850724270096007, 0.0014604451919334707]
[0.03518645375095119, 0.01190478629850186, 0.0034645506038931033, 0.07516489031839474, 0.011270571091793831, 0.014686397008793586, 0.0026175055052553966, 0.4469160378437399, 0.24556951590435191, 0.08899622879609972, 0.0003715780516004173, 0.06196833861116911, 0.0018831462154551277]
[0.023219267845978376, 0.018949543782953902, 0.006780901894170618, 0.008301041781689302, 0.004634853727718763, 0.008884354665953682, 0.004278606474487352, 0.7287685175653313, 0.13557353669434585, 0.030832708891687387, 0.00037957713953103546, 0.02903076816741988, 0.0003663213687324886]
[0.030810981513130425, 0.019425637269792045, 0.0016057023499829834, 0.04468644800329225, 0.019355776971595292, 0.02030206193029466, 0.00573746609650893, 0.4952794049333291, 0.15762948648618808, 0.12423517194011309, 0.01645695906884042, 0.06432894439532023, 0.00014595904161251845]
[0.020803584167206284, 0.033958966880203, 0.011277392177742665, 0.03734247901034972, 0.00995642115971566, 0.019418701560282692, 0.00946045846590223, 0.507152995718248, 0.16648423067891877, 0.09380629289835998, 0.018322045471892073, 0.07149615280676012, 0.0005202790044187646]
[0.021286748171842954, 0.019070313830523232, 0.0008152544156476879, 0.013115901505462364, 0.0033098055345240655, 0.0070873476249531065, 0.004296360832711969, 0.738347213696975, 0.09530319991997675, 0.06553023896891895, 0.00013058034819068027, 0.030774359306138796, 0.0009326758441343562]
[0.033742638297097186, 0.010681502456572565, 0.003962820816294371, 0.01180280781083424, 0.005505548117832316, 0.0125831944715903, 0.0040562364216022075, 0.6503152286222305, 0.08650797071997282, 0.12658099664298203, 0.005242272824618439, 0.04777638114149526, 0.0012424016568777301]
[0.026458407387829556, 0.022663098841335494, 0.005716221384817888, 0.028307410538043927, 0.005834388027263925, 0.01644987644170901, 0.004520553245217506, 0.7392565542279153, 0.05799418394716266, 0.04489459631642804, 0.00034974335127433483, 0.046282763574552375, 0.001272202716450023]
[0.019489064497344343, 0.03805610757189035, 0.0031776773487242945, 0.017018000928970767, 0.008708669310500725, 0.00803087361577878, 0.004065757407535356, 0.5573509430587992, 0.1098006090262844, 0.16634226167211072, 0.0011429140766489522, 0.06678973092953927, 2.7390555873074015e-05]
[0.019375473201229267, 0.0136688736989149, 0.0018165140970313365, 0.011445841477982393, 0.006329922936520252, 0.005497965920975802, 0.00259449039227024, 0.737575015466497, 0.08628113290632293, 0.09643656551535157, 0.0035334220507540755, 0.012978561640293595, 0.0024662206958567423]
[0.020018178882921463, 0.02359627878534136, 0.001221655925049263, 0.01676939997820451, 0.001570907520743213, 0.02552997428918863, 0.0032049527054147917, 0.6979715070542886, 0.055946776071194894, 0.1290751983311637, 0.004961391287572705, 0.019995492393363283, 0.00013828677555359188]
[0.021593325105883503, 0.01556342040366907, 0.011194194451868613, 0.02045759868681663, 0.00823208080221806, 0.013738752237662319, 0.002365693019024024, 0.6091769108343124, 0.12340838666123814, 0.09092625220024605, 5.757293054158923e-05, 0.08319509427960567, 9.071838691403774e-05]
