
135705,235.75866666666664  
6476,4918.532666666666  
2796,18085.327666666668  
19140,1671.6473333333333  
104439,306.3826666666667  
796,39885.66333333333  
1623,19561.140333333333  
2241,14064.814  
1032,30611.911666666667  
28052,1140.2316666666668  
13312,2400.784  
13199,2422.576333333334  
13451,2372.9816666666666  
1480,21204.477  
1168,26920.658666666666  
102550,311.968  
114389,279.67733333333337  
48070,665.524  
126351,253.24166666666667  
99467,321.67366666666663  
130858,244.47366666666667  
82452,387.99466666666666  
134405,238.0426666666667  
87532,365.4843333333333  
12137,2630.1316666666667  
126706,252.514  
70935,451.01533333333333  
148778,215.06733333333332  
126811,252.313  
161690,197.87233333333333  
254058,125.94066666666667  
126908,252.10266666666666  
44423,720.4286666666667  
251802,127.07866666666666  
118694,269.56566666666663  
230684,138.71766666666667  
102586,311.88900000000007  
217375,147.191  
8993,3547.671333333333  
647,48789.23  
179645,178.11433333333332  
249243,128.391  
14673,2184.271  
250520,127.73200000000001  
128372,249.2363333333333  
248834,128.582  
250762,127.60966666666667  
259223,123.43633333333332  
1383,36349.06766666667  
248084,128.98000000000002  
253685,126.14166666666667  
251474,127.24666666666667  
238380,134.22799999999998  
250718,127.617  
262175,122.04233333333333  
883,36081.51466666666  
261681,122.28833333333334  
257008,124.52433333333333  
263059,121.68533333333335  
260398,122.91000000000001  
236575,135.25300000000001  
254609,125.67766666666667  
265145,120.70433333333334  
258427,123.879  
250102,127.95133333333335  
261187,122.50733333333334  
263607,121.37533333333333  
255660,125.234  
267839,119.46766666666667  
3634,8754.884666666667  
264233,121.09766666666667  
262155,122.106  
592,53375.01133333333  
258910,123.63066666666667  
125696,254.495  
256513,124.73899999999999  
222509,143.8273333333333  
248544,128.736  
213027,150.23233333333334  
229553,139.38966666666667  
187515,170.65566666666666  
255622,125.19099999999999  
268839,119.06266666666666  
263662,121.35066666666667  
262561,121.91833333333334  
258773,123.646  
249202,128.44066666666666  
264462,121.01299999999999  
255609,125.195  
264412,121.02966666666667  
252129,126.93633333333332  
264474,121.00066666666665  
233318,137.13066666666666  
257177,124.41933333333334  
257476,124.27233333333334  
721,44187.46633333334  
253157,126.40833333333335  
257476,124.26933333333334  
255707,125.13066666666667  
97055,329.64366666666666  
255130,125.41633333333334  
248603,128.71766666666667  
254134,125.96466666666667  
255389,125.30133333333333  
260871,122.657  
261606,122.36166666666668  
267099,119.78833333333334  
266167,120.31466666666667  
262777,121.78466666666667  
231475,138.22733333333335  
263674,121.34400000000001  
254674,125.65633333333334  
4845,6546.981666666667  
260537,122.82499999999999  
254072,125.97000000000001  
260805,122.71366666666665  
269465,118.76566666666668  
264572,120.94066666666667  
250980,127.52733333333333  
263682,121.40366666666665  
266007,120.28833333333334  
230670,138.73  
257189,124.41266666666667  
249385,128.30266666666668  
248027,129.00433333333334  
264977,120.77366666666666  
251175,127.40633333333334  
968,32541.012333333332  
204180,156.70633333333333  
265030,120.72866666666665  
260957,122.65066666666667  
259087,123.49366666666667  
263982,121.24566666666665  
272366,117.49033333333334  
257898,124.06833333333333  
263245,121.57966666666668  
257716,124.15366666666667  
266991,119.84366666666666  
257104,124.541  
14383,2222.518  
256666,124.67033333333332  
270360,118.36200000000001  
225681,141.78633333333332  
253533,126.23733333333332  
235307,136.00466666666668  
265927,120.40666666666668  
161287,198.39566666666667  
255070,125.44366666666667  
246131,130.00666666666666  
13308,2402.9836666666665  
264217,121.09366666666666  
245050,130.58766666666668  
227736,140.50266666666667  
257520,124.276  
265825,120.36566666666668  
261452,122.39766666666667  
247534,129.26433333333333  
260905,122.66266666666667  
218362,146.52733333333333  
236035,135.55233333333334  
256267,124.89666666666669  
263120,121.61233333333332  
259069,123.52066666666667  
265796,120.38799999999999  
263456,121.51499999999999  
248882,128.576  
235699,135.77966666666669  
255721,125.12266666666666  
247785,129.16466666666668  
259628,123.25733333333334  
266193,120.22933333333333  
13224,2416.63  
253235,126.37066666666668  
270340,118.38599999999998  
220935,144.81933333333333  
114969,278.32166666666666  
242114,132.25033333333332  
272990,117.356  
230337,138.9466666666667  
255241,125.37433333333335  
193004,165.84333333333333  
204387,156.543  
272534,117.505  
261270,122.50666666666666  
264062,121.20366666666666  
12416,2572.661  
254267,125.84133333333334  
263105,121.69133333333333  
214912,148.87666666666667  
271162,117.99366666666667  
254604,125.673  
262840,121.74233333333332  
235505,135.97833333333332  
192501,166.23000000000002  
260615,122.79633333333334  
261943,122.17533333333334  
261905,122.17  
231589,138.15566666666666  
268052,119.37166666666667  
222999,143.51166666666668  
267297,119.70833333333333  
231673,138.17533333333333  
168134,190.289  
126760,252.46433333333334  
253731,126.09933333333333  
250934,127.53166666666668  
261387,122.54  
268731,119.06933333333335  
235802,135.72033333333331  
268851,119.065  
255000,125.47666666666667  
256469,124.76833333333333  
271922,117.67166666666667  
170136,188.19066666666666  
263717,121.37533333333333  
261754,122.24733333333332  
264351,121.039  
253310,126.42866666666667  
252006,126.97066666666666  
260581,122.81566666666667  
27365,1168.839  
261324,122.44066666666667  
494,63518.185  
262172,122.04266666666668  
233019,137.393  
225408,141.96400000000003  
2047,15540.097  
262019,122.12366666666667  
244735,130.77033333333335  
222368,143.92866666666666  
264015,121.19433333333335  
259082,123.54566666666666  
262505,121.88933333333334  
268935,118.99566666666665  
263238,121.54733333333333  
254945,125.59633333333333  
265171,120.75600000000001  
271159,118.012  
259598,123.29433333333334  
258475,123.82866666666666  
260220,122.976  
264560,120.93799999999999  
250795,127.625  
253653,126.15366666666667  
261003,122.64066666666668  
237446,134.75866666666667  
268541,119.15833333333335  
240709,132.9286666666667  
261762,122.27033333333334  
237832,134.548  
265523,120.51100000000001  
270598,118.32433333333331  
275417,116.19966666666666  
267254,119.721  
267326,119.72033333333333  
257334,124.383  
262479,121.93733333333334  
150676,212.346  
203808,156.994  
263621,121.42266666666667  
181891,175.90966666666668  
6794,4684.229  
252365,126.78933333333333  
238295,134.285  
254377,125.80733333333335  
265108,120.79766666666667  
265131,120.68333333333334  
4802,6662.615333333334  
254336,125.91466666666668  
246709,129.79100000000003  
10351,3086.2033333333334  
261602,122.29700000000001  
256575,124.75666666666666  
247151,129.502  
256535,124.73833333333334  
239888,133.44866666666667  
262323,122.03466666666667  
193855,165.0476666666667  
251239,127.44599999999998  
111658,286.55400000000003  
260304,122.94033333333333  
259412,123.38900000000001  
227208,140.82  
265309,120.67533333333331  
29270,1092.5019999999997  
250277,127.90966666666668  
263743,121.37700000000001  
26374,1212.4626666666666  
212670,150.47799999999998  
240529,133.08866666666668  
19478,1641.1373333333331  
198808,160.93966666666665  
184955,173.039  
264379,121.04433333333334  
223517,143.22400000000002  
215348,148.58399999999997  
239598,133.55466666666666  
265075,120.719  
162177,197.30133333333333  
208676,153.33333333333334  
246500,129.80233333333334  
238039,134.42100000000002  
265902,120.32833333333333  
7386,4317.899333333334  
234313,136.55133333333333  
589,53742.72666666666  
227256,140.81300000000002  
209936,152.423  
199723,160.21133333333333  
240979,132.83133333333333  
229026,139.7216666666667  
274048,116.78766666666667  
254267,125.86633333333334  
234989,136.26233333333334  
142217,224.96466666666666  
220879,144.86733333333333  
74347,430.29766666666666  
198415,161.25666666666666  
260467,122.86333333333334  
224645,142.47000000000003  
266536,120.08066666666667  
223796,143.10233333333335  
224125,142.76066666666668  
266123,120.23133333333332  
236982,135.034  
186006,172.0493333333333  
231794,138.0486666666667  
263102,121.63400000000001  
262456,121.90899999999999  
267959,119.411  
257288,124.38600000000001  
238299,134.42600000000002  
266483,120.07266666666665  
265901,120.33366666666666  
225971,141.59166666666667  
229079,139.75699999999998  
246734,129.67733333333334  
199438,160.47033333333334  
240390,133.115  
238196,134.32399999999998  
256518,124.82166666666666  
153041,209.13766666666666  
124627,256.7523333333333  
255037,125.48133333333334  
2273,14015.474333333332  
266031,120.26766666666667  
241186,132.69866666666667  
234769,136.28766666666664  
266843,119.93833333333333  
270896,118.12533333333333  
258046,124.01166666666666  
261691,122.27666666666666  
260162,123.07866666666666  
263961,121.21166666666666  
271213,117.97433333333333  
11630,2748.3583333333336  
259976,123.096  
252913,126.52300000000001  
219338,145.8853333333333  
242839,131.77866666666668  
238658,134.06566666666666  
266080,120.26433333333334  
242761,131.80933333333334  
256675,124.66166666666668  
244174,131.05333333333337  
258527,123.815  
257172,124.49466666666666  
247337,129.35866666666666  
266828,119.91066666666666  
228827,139.8423333333333  
223548,143.16166666666666  
239068,133.84466666666665  
43227,740.4696666666667  
207479,154.23  
237330,134.843  
260025,123.10300000000001  
221282,144.643  
264919,120.79633333333334  
261384,122.41333333333334  
232778,137.47866666666667  
258326,123.91166666666668  
250479,127.83866666666667  
35108,910.38  
239842,133.43333333333337  
272656,117.36966666666666  
238579,134.14800000000002  
266277,120.16066666666667  
18307,1745.6633333333332  
129528,246.99633333333335  
210324,152.1726666666667  
261748,122.31633333333333  
263671,121.359  
261727,122.3  
266703,120.04933333333334  
209272,152.91466666666665  
218334,146.55033333333336  
257995,124.017  
236912,135.07000000000002  
262796,121.76566666666668  
266088,120.24733333333332  
97668,327.57033333333334  
263584,121.43533333333335  
197372,162.09  
240892,132.87366666666665  
[0.0013097630228139255, 0.10283858308551257, 0.0002462791620884243, 0.2918113142848372, 0.0028862307235713565, 0.1979003956762258, 0.000658477391325257, 0.3775168358430167, 0.009800056675800145, 0.01503206413480871, 0.0, 0.0, 0.0]
[0.00039225434497710475, 0.04927740452957156, 0.00014025958548835406, 0.0005977965521896094, 0.10620081877121583, 0.21283248694838308, 2.262090571819588e-05, 0.20175891659250592, 0.2423700275315, 0.18640741423845036, 0.0, 0.0, 0.0]
[0.030171405453565427, 0.005095843139235204, 0.00024514734233301825, 0.13268258100619976, 0.0939879436913442, 0.22581751427034638, 1.0430598783321056e-05, 0.046921477836753676, 0.24165743292729885, 0.22327445648959418, 0.0, 0.0, 0.0001357672445460395]
[7.490821454177082e-06, 0.0033991899295521904, 0.00043789462170014273, 0.000595897464998871, 0.17702305964710957, 0.12918412831738973, 0.00024089432307457741, 0.17955519594995245, 0.2836192650591178, 0.22588149882507297, 0.0, 0.0, 5.5485040577603284e-05]
[0.01922504722684613, 0.0067139262228217205, 9.824698357096729e-05, 0.0770111280285358, 0.07135990493439733, 0.14762106976757566, 0.0002450597784033376, 0.23811812897248688, 0.16544904747673073, 0.2740437891266481, 0.0, 0.0, 0.00011465148198333544]
[0.0005991176035078612, 0.018638983542477804, 0.00013901697856205075, 0.021462081787319745, 0.03945304611110903, 0.035246201183277495, 0.003415289781881899, 0.36549514550228024, 0.22042067460549913, 0.28566397354407325, 0.009466469360011508, 0.0, 0.0]
[0.028958251492596083, 0.04997035974265222, 6.931301849505151e-05, 0.017230593600010675, 0.0009917289765664643, 0.11917609559589866, 0.016511159644155192, 0.3241012627126464, 0.11900172872902956, 0.32394508618071144, 0.0, 0.0, 4.442030723823679e-05]
[0.024221001649585787, 0.012547823757580026, 0.0001254682174482712, 0.06284338149369575, 0.010541684268623551, 0.17582252565192297, 0.00015690219697339495, 0.21638777655114208, 0.19673936649975024, 0.30061406971327803, 0.0, 0.0, 0.0]
[0.00016083290167743196, 0.003615499495146503, 5.6439677442968034e-05, 0.030607065584116827, 0.006444565515461799, 0.09041869051073263, 0.0017508528876756693, 0.25215576488752095, 0.1229491668700174, 0.4918411216702078, 0.0, 0.0, 0.0]
[0.003154853467717482, 0.0025032959292419733, 0.009479559655073315, 0.0300819822135617, 0.012509940229170216, 0.12725201139332065, 0.022383201381543462, 0.2010202143594358, 0.12474095534252153, 0.4068429394632521, 0.06003104656516175, 0.0, 0.0]
[0.018721870543512684, 0.02458020497407773, 0.0012150410059182004, 0.04403747211019987, 0.001889504149640283, 0.08100995364031498, 0.04177196495588414, 0.1840459077044246, 0.18907378584855003, 0.3790823572012737, 0.03219126457627523, 0.00238067328992856, 0.0]
[0.005644265496480641, 0.010711694010009555, 0.00497262304703505, 0.035478969654405314, 0.018940257229963155, 0.0355502139599453, 5.3548210972667795e-06, 0.430335191962241, 0.24827241055531174, 0.171954799774381, 0.0, 0.0, 0.03813421948912996]
[0.004484929108964555, 0.0098058580907085, 0.002083707490880323, 0.027555183206526664, 0.003963567089387614, 0.053991813117700536, 0.021819447918557076, 0.4535500500554536, 0.25102276936090273, 0.16966616417772937, 0.0, 0.0003434261699202059, 0.0017130842132688326]
[0.0019903156577440947, 0.02778827778937165, 0.00010551631671721407, 0.024252741143769053, 0.013491477279905675, 0.08824667442614832, 0.0, 0.42883987961269615, 0.18605342221720772, 0.20598152107503273, 0.02325017448140731, 0.0, 0.0]
[0.001767928666890865, 0.046036803879764616, 0.0029057960803634975, 0.040675528090461766, 0.017202058528587708, 0.04350412045200049, 0.0005590790806883388, 0.4559013167281458, 0.14520741685959437, 0.21309908408436978, 0.007394480239281351, 0.0, 0.025746387309851404]
[0.0017824158633974734, 0.02474548537307973, 0.004806036299034303, 0.03152088469192123, 0.0008776850598133268, 0.03357749065840592, 0.013149087041690521, 0.5402987283061819, 0.20812833711329373, 0.0854742466930502, 0.012220634210555147, 0.00044500142944758154, 0.042973967260128955]
[0.04912347159185697, 0.06934672892718788, 0.002410407206330937, 0.036453293148219504, 0.0009247195745190683, 0.003264555039729241, 0.017104013067030986, 0.31749299123058894, 0.23429941033520113, 0.18583033111536912, 0.06952813522324117, 0.0007116554150732154, 0.013510288125651821]
[0.008235154967642572, 0.03475934335121634, 0.05396559912056572, 0.06303644139848173, 0.0001859594945728535, 0.00762126774120495, 0.049952398862497416, 0.5032901553962655, 0.12197374551015253, 0.11305208736216363, 0.0023223709856325637, 0.0002646374115533243, 0.0413408383980509]
[0.009820134965161069, 0.05773275657837425, 0.015646153703677883, 0.07955588162125743, 0.006198607441760107, 0.03804993217740474, 0.01707028773591949, 0.3317400772556037, 0.24421125321779877, 0.12625329030969532, 0.05039814693804455, 0.00017675431538025774, 0.023146723739922475]
[0.001447359056209354, 0.023592607050008402, 0.011636420088190318, 0.05628992702183796, 0.011674344536103826, 0.022786102710580385, 0.03269201883051821, 0.4159536286750073, 0.0896251181413464, 0.2320651454683273, 0.09070394094457825, 0.0, 0.011533387477292363]
[0.0016816597924684598, 0.01906920981043381, 0.017503597846829783, 0.13582468430048225, 7.54196515471882e-05, 0.0030427471593322047, 0.0452120186541697, 0.5243495460673296, 0.1242932074516649, 0.1025233037959383, 0.026396760001630114, 0.0, 2.784546817373262e-05]
[0.00012472720208961868, 0.03200571894637835, 0.002610233729207244, 0.06205306793699536, 0.00046013287041052526, 0.10294992718444283, 0.022064449099865626, 0.360576033707171, 0.163633866840885, 0.18046536896029688, 0.07281995766059904, 0.0, 0.0002365158616586816]
[0.0047047653738781945, 0.052423729709518384, 0.0034969865769661906, 0.15766055116102834, 0.0, 0.055891953154644194, 0.009956880953555852, 0.3110185399691677, 0.07896959667516942, 0.11389033454879534, 0.21158720954351673, 0.0003644452847197432, 3.500704903993768e-05]
[0.035952695250981284, 0.05555466033339019, 0.009992388168684727, 0.0839078855336802, 0.013252005520951132, 0.028928816689709334, 0.04332600139042172, 0.42125329531549227, 0.07935979564351163, 0.13460896642500733, 0.09385166903168614, 0.0, 1.1820696484112815e-05]
[0.008887891258002057, 0.04007250423624968, 0.02665660945557192, 0.06222585327298281, 0.006801772097286174, 0.14582465120091254, 0.03319345765946717, 0.3907650941009485, 0.11379392872822969, 0.15082895175776198, 0.010846395230812409, 0.00012346696186528043, 0.009979424039909852]
[0.008693911963565767, 0.02966234273793076, 0.011872348877336509, 0.09302342726217597, 0.011896848003444713, 0.06954334641802742, 0.039416305142350415, 0.5468908359755164, 0.07046197947056916, 0.10282427916781203, 0.00160255783516425, 0.0, 0.014111817146106678]
[0.00038891550412519193, 0.025710501859993518, 0.03733971175724825, 0.05824111115573616, 0.01462083846301974, 0.11180105046264013, 0.02925296147662108, 0.40208941053679415, 0.04130773681785429, 0.2581144862386458, 0.010945477415717785, 0.00448985880961487, 0.005697939501989003]
[0.02373754084509534, 0.08008527689464999, 0.05632932775569418, 0.06844635101746821, 0.0003488383077848871, 0.05706692633301262, 0.08636362142127245, 0.3435093678063268, 0.17804674384312855, 0.0928425779004302, 0.010867670259178472, 0.002327810607838834, 2.794700811962719e-05]
[0.010743634849929592, 0.022461470009987917, 0.03664523365414291, 0.07281923825580189, 0.0030401301365602716, 0.08218051641002351, 0.06963231923934494, 0.39819785663464763, 0.17079019065710277, 0.10701029302533968, 0.017785849597757124, 0.001473376946307151, 0.007219890583054657]
[0.0038064338929396186, 0.042725164182839316, 0.005456256010322289, 0.06963356549514411, 0.0006676256581681615, 0.11971503530417449, 0.038415028322826984, 0.4801190582793242, 0.11629823876936482, 0.11327022555896989, 0.00369156268945904, 0.0026706046178455846, 0.003531201218621413]
[0.014635728218246668, 0.02646061370628372, 0.06641813912137909, 0.0487733962255176, 0.011314239422233535, 0.16872145894611315, 0.04216342007161889, 0.4280895789036247, 0.06927441508508903, 0.10437852775531972, 0.012627608483295891, 0.002646129592501643, 0.004496744468776447]
[0.007360204378987448, 0.07691802509291899, 0.08828512548742362, 0.058431153247206796, 0.002620072500237346, 0.16137569027214851, 0.004162029517141155, 0.38095389284548414, 0.05310527909174256, 0.155034827202302, 0.0043169935409671945, 0.00741371976856104, 2.2987054879055234e-05]
[0.011424336141469602, 0.037661304779595534, 0.025118794150252435, 0.1335102444614423, 0.0051542120005404046, 0.09682412283521477, 0.0003970010432997368, 0.5108181678598273, 0.10111468886175261, 0.06635454307368277, 0.006137464174500113, 0.0054713945280551, 1.3726090367504192e-05]
[0.0014571126436597052, 0.13420030435060762, 0.01388536838258769, 0.04817776341706327, 0.011088491351106556, 0.11941493251452828, 0.02606593033934675, 0.37693301784489197, 0.177881637742249, 0.07805484768634349, 0.006475390969657597, 0.004414062874510955, 0.0019511398834471162]
[0.049110130142848624, 0.17399965195065434, 0.005767633132972005, 0.048750042767300626, 0.006625060010137178, 0.007045415872801705, 0.01226861399105611, 0.5265506987875048, 0.08252976716236918, 0.06542427354705625, 0.005974150330056313, 0.006928329400686585, 0.009026232904556277]
[0.004829620201753076, 0.14477812698104706, 0.014283394310185393, 0.10828956785365725, 0.005408973788415554, 0.05922503295576818, 0.029024473663095053, 0.31785740401101326, 0.11476108000191876, 0.19005814265257753, 0.005146337017043595, 0.006326056948118127, 1.1789615407148913e-05]
[0.0006198957765960227, 0.14895270765276733, 0.00031443459189855794, 0.05708227187387875, 0.01340676917517487, 0.02043245415821012, 0.017660362502104007, 0.43793523128259737, 0.10072943104910939, 0.19017509257963633, 0.005847472683803064, 0.006642291646256159, 0.0002015850279679788]
[0.009713964571832486, 0.11007705075876024, 0.011140897073456887, 0.09091364396639312, 0.005919917098739369, 0.012583420101049297, 0.020342060133595134, 0.4343217958914942, 0.12140842265162632, 0.1585715458449275, 0.005197379937181458, 0.008267530781172202, 0.01154237118977183]
[0.0001237068611753868, 0.16926886729867507, 0.024645973094720792, 0.15451573396110146, 0.0056999388941232606, 0.0006732259112824994, 0.005027885708314261, 0.29792286370928556, 0.16073162463096682, 0.16690321853810616, 0.009802113594037324, 0.0046684715698379845, 1.637622837340691e-05]
[0.009205307665494378, 0.2261511183880509, 0.012518666000169255, 0.011005609569727744, 0.0010838844500548608, 0.005352169001846587, 0.0034150808742518385, 0.48388977211328277, 0.06960864191449219, 0.15556768928955972, 0.015604997074729704, 0.0065818995010362424, 1.5164157303969285e-05]
[0.017578257778126376, 0.15335148938332255, 0.01293579035075812, 0.08487103665418043, 0.014168907688424905, 0.0006548840427442312, 0.009538970867251006, 0.40884071310694736, 0.09046409064377424, 0.17663815736627814, 0.026594620857269165, 0.004354130715599218, 8.950545324321865e-06]
[0.019404099788636123, 0.1920005495052002, 0.0018500059747118408, 0.044525291415368054, 0.01289531470367054, 0.006599739386910115, 0.009351962207500649, 0.4221146765605111, 0.130272637592712, 0.14436113486641283, 0.007863819887966307, 0.007900688681206301, 0.0008600794291939504]
[0.03006226178976078, 0.21643209743507386, 0.014346679903231204, 0.01318209138494035, 0.003026312177386347, 0.002163730201916343, 0.014371793204139918, 0.4205374424440188, 0.13530520736737583, 0.13311358331617126, 0.009607880411810201, 0.006724666705229247, 0.001126253658945902]
[0.0060855281427943915, 0.24701671566217645, 0.011151085051802177, 0.052207908821875565, 0.014042706190491949, 0.0044976830599739075, 0.03539788176281174, 0.27753412388316767, 0.16190251406985848, 0.15239430827688746, 0.03252869451591063, 0.0052287952693294264, 1.205529292023748e-05]
[0.00033910525540095817, 0.24409642792437758, 0.002402004314539134, 0.03197581328008876, 0.006468493851044207, 0.0010660584091093707, 0.015535800563418647, 0.41941816576950924, 0.1536704099322235, 0.11299551899357187, 0.0056401781891595535, 0.005752486452310304, 0.0006395370652467707]
[0.01359283441651765, 0.2766537105670714, 0.0018758972235953515, 0.056210686392116425, 0.006619330731425714, 0.0046938326195503565, 0.017371628179598583, 0.32234825178450593, 0.07485216362318264, 0.2115951573482452, 0.0036090599874354433, 0.007895676832862878, 0.0026817702938925604]
[0.012531834275976409, 0.13097842003570784, 0.003699972723845265, 0.02767973947637835, 0.00879953533508684, 0.007186228031200998, 0.004510142525373238, 0.5862414008530737, 0.12280840438284897, 0.0847424861004407, 0.003566767111934735, 0.006503690897567621, 0.0007513782505653182]
[0.0036061737298542576, 0.399596186370755, 0.004189603133097017, 0.01665668054001168, 0.005086501555774776, 0.002219152551939608, 0.029997960580913363, 0.22277375072005157, 0.10310894611773427, 0.2034601810709362, 0.00621331820550622, 0.0024908626567528595, 0.0006006827666732679]
[0.0030604227694776137, 0.21991126722222756, 0.0035700096468992254, 0.0070659425627529705, 0.010016964089259445, 0.004283388989749148, 0.012418997780478258, 0.48658578786325507, 0.1011705641438459, 0.14168795736471565, 0.007228364857449437, 0.0029891004923271146, 1.1232217562629398e-05]
[0.00021655660277941, 0.20581881122419235, 0.0009245541005235974, 0.05079310526792939, 0.004765550990997297, 0.0033537067518648574, 0.015566940945000765, 0.4329978139110862, 0.07174768747177714, 0.20150413748574078, 0.005390495729152145, 0.002647539195521992, 0.004273100323434082]
[0.00202392895040694, 0.2965967583866358, 0.003000532350294846, 0.02326853080306078, 0.006375973545655426, 0.007807518898876701, 0.010643367796027488, 0.37623989959446297, 0.11380117895373193, 0.14664259653063758, 0.008300036244188434, 0.0038212783329818942, 0.0014783996130394328]
[0.004447758615905335, 0.16773310236187086, 0.0034123185864941225, 0.046416900592090735, 0.00259352056832875, 0.01125814733080174, 0.0005425549091368287, 0.47037381304683945, 0.04886878779908777, 0.22906942169862088, 0.0038108792117406884, 0.006415252608597983, 0.005057542670484827]
[0.0006787848342507449, 0.28064451337976604, 0.0040619474468768235, 0.04276392900678144, 0.002932583830674912, 0.002206644567333555, 0.0003765768144327773, 0.36405573810211156, 0.13941171746768366, 0.15298324532778754, 0.004735157691877151, 0.005129515183846185, 1.9646346577546872e-05]
[0.0036604333460491826, 0.14806723037661415, 0.0020835050222288358, 0.043681683679804253, 0.005803902239919317, 0.001635437029846634, 0.00045236818834174663, 0.5480641993931256, 0.09198203150052735, 0.14644574794260415, 0.0005773697187392599, 0.0053326734617653955, 0.002213418100434275]
[0.02117843418312401, 0.21179048169361891, 0.005304251419098654, 0.046707987913286876, 0.002511479817847571, 0.0067018549826861834, 0.00396740398081437, 0.4692772509723225, 0.09421790810508739, 0.12977820881791674, 0.0008537331468000705, 0.005117096712039258, 0.0025939082553576016]
[0.011056542317447505, 0.25980138895941934, 0.002126373821834588, 0.0385421796196218, 0.013694954370424797, 0.01912744786458165, 0.013921459283368385, 0.34283698969500276, 0.12839443587800287, 0.109976226066352, 0.04067091303772795, 0.019117986102399006, 0.0007331029838173261]
[0.002763577460521737, 0.2648245761468487, 0.005865638104156437, 0.023479108885962784, 0.02255663939656795, 0.017997028281495943, 0.006768854554259388, 0.38885362310178084, 0.10991712872711479, 0.11180218664339799, 0.03335323214963788, 0.011198519779446185, 0.0006198867688093312]
[0.0002950082546173224, 0.2624772219351722, 0.0032952829559566173, 0.02603079305182514, 0.002502918256422565, 0.0017635676527247186, 0.0008144060271107218, 0.48614749327903367, 0.0953668522869057, 0.09599425163081805, 0.0021186531276172474, 0.019014882020348567, 0.00417866952144757]
[0.00010973352547473338, 0.18595529225801286, 0.004685082401891377, 0.0621530800991103, 0.0094907982798338, 0.0116650013723573, 0.0007933429993598718, 0.45234196883108735, 0.17545545069204468, 0.0908346004001032, 0.0028334971724238997, 0.003363003762158769, 0.0003191482061417229]
[0.0027906549035569945, 0.17071933493875446, 0.012761751616687751, 0.05178092887246969, 0.009253940748331392, 0.0195937300642001, 0.004670102069747174, 0.4609155202933727, 0.13697845168726983, 0.11645641562668287, 0.0022326535765629612, 0.008347233678974712, 0.003499281923389531]
[0.0006002680948944999, 0.16537271998006947, 0.010064254059616574, 0.030101369922294827, 0.005144343074488066, 0.0042260152709597985, 0.005861622451025084, 0.4692291373387068, 0.16942508431604136, 0.11495743276650339, 0.00010664263537840877, 0.018567425308515684, 0.006343684781505983]
[0.0034222677020164746, 0.15350892985614178, 0.001281365033771094, 0.0656086406264201, 0.008047845242197031, 0.005532283519343197, 0.0015002114915026934, 0.45735480538905804, 0.21598994333237087, 0.07166588550780947, 0.0038741279905965577, 0.010308958006105125, 0.0019047363026675188]
[0.017204777475322376, 0.22371451767089937, 0.0050697747207745485, 0.026147057053267184, 0.007844259920654982, 0.008228224508361191, 0.005720461271958614, 0.384048435663976, 0.09246613160134115, 0.21228154497514873, 0.0023742365465384513, 0.009628089607566408, 0.005272488984190865]
[0.0006561922781755724, 0.25335529598966644, 0.0032313481629388206, 0.019832932661150403, 0.015292028426379762, 0.005963424376473104, 0.00201023042361818, 0.4697287712237291, 0.07115071562156282, 0.13951344660556367, 0.002563914158520176, 0.0166823087046938, 1.939136752831482e-05]
[0.001350961453523338, 0.22168925754704907, 0.0026453819031796192, 0.04075929436181071, 0.006430331243230528, 0.003687571293976892, 0.0022652827513787617, 0.4065297668084623, 0.15998388343582604, 0.13290594710595477, 0.002747620141543267, 0.016031771300332558, 0.002972930653732184]
[0.003333762767540265, 0.16938368532162634, 0.014517975730863313, 0.042702053648335396, 0.0030751854533542697, 0.007461735519851507, 0.0005259306633862812, 0.5813902226442079, 0.07153156997507185, 0.09107393466204741, 0.006588806514233136, 0.008329026356723812, 8.611074275864227e-05]
[0.01240075306064323, 0.12369537032058783, 0.007150639477295381, 0.04663829789853349, 0.004362211440805972, 0.02433856193203796, 0.00046008318417636407, 0.5242206691695375, 0.1522332690120416, 0.09899957211309666, 0.00033801507068337706, 0.0030152631463724335, 0.0021472941741883795]
[0.003123600697695915, 0.15963999852443422, 0.005386652511847298, 0.05261250238414371, 0.005281824323944454, 0.014240598654264042, 0.0007613773097957054, 0.5489241724228195, 0.10086467618727246, 0.0949458994454512, 0.007245338683530595, 0.006767389273963431, 0.0002059695808374876]
[0.009304131202594112, 0.1723266789478141, 0.0040470112798876405, 0.05011439836462916, 0.0031568697836694666, 0.0135400717785849, 0.008135460626790278, 0.5048010159584716, 0.08075825365329094, 0.13339218807498915, 0.002277986227448992, 0.014813023265535227, 0.0033329108362945546]
[0.00630772189763153, 0.13375720560104992, 0.011610164898999062, 0.09034751022211349, 0.002322410013409491, 0.009072507524426487, 0.0033146239021059486, 0.5152177220984528, 0.12883738372259207, 0.09449594475180569, 0.0013387183415318417, 0.0033627541573141985, 1.533286856757321e-05]
[0.004879544032129018, 0.17538478787920028, 0.0017258124594770655, 0.018899423257419883, 0.00509276163509272, 0.004206234987941941, 0.0020012587970966865, 0.545697984683679, 0.04864314580338934, 0.182091921268582, 0.004236538666781539, 0.003705096160678905, 0.003435490368531455]
[0.011050669148397413, 0.25608498298546145, 0.011397699147568722, 0.03890577336428266, 0.003984532000807413, 0.008436087216695249, 0.004506980484729884, 0.3915230413002081, 0.020650319026547282, 0.2297795247595122, 0.006375807144931486, 0.014740359917961734, 0.002564223502896467]
[0.008642920227573892, 0.27482294730021284, 0.010770307662632114, 0.033509694673127276, 0.006242992941521856, 0.004514087861334165, 0.0010522212766138502, 0.38887720530789166, 0.15282711414495714, 0.10996231546121549, 0.0031607300933910593, 0.00392876569143215, 0.0016886973580964727]
[0.006293952887051008, 0.2574664609256287, 0.0029918217549540684, 0.03156430252153797, 0.005573713074503614, 0.015637381622164014, 0.004681997147674062, 0.37895987139852916, 0.05502120846156585, 0.23241366921124554, 0.0015343608006621815, 0.006507951647653205, 0.0013533085468307622]
[0.007350892000953682, 0.17742160348979352, 0.00566002443024475, 0.018073788759642856, 0.002558753590750451, 0.007431077972320372, 0.00045151871047241954, 0.5914003939207277, 0.1466968761288936, 0.03570757730336454, 0.0020157621004934516, 0.0021531632944470852, 0.003078568297895428]
[0.00920416642399879, 0.15707464511797187, 0.006427224904406263, 0.027313553546504082, 0.0018965751157171795, 0.005296327538528538, 0.0020773865785302745, 0.5980986077801104, 0.046950923839379724, 0.1341355901804719, 0.007948936114596662, 0.0035655867313050247, 1.047612847922857e-05]
[0.0030118208534574125, 0.17509225449609428, 0.008858468292250303, 0.024732007230070907, 0.0008146629611701414, 0.01331661057133528, 0.00046790633568955843, 0.5142493150531869, 0.12963186188293735, 0.118782396642374, 0.002478810518181538, 0.0075001405165009815, 0.0010637446467512723]
[0.008784281140762422, 0.3148122365900144, 0.0035697666233473367, 0.0119188329142096, 0.004928287504996689, 0.00679784208965192, 0.002471989599302888, 0.4451255644966967, 0.0776660150514282, 0.11022813437155622, 0.0005939746394532361, 0.012126633927579544, 0.000976441051000928]
[0.004397742833157497, 0.17328037254349407, 0.005380097624107357, 0.033180965457580175, 0.0015375397778126345, 0.008900799533691932, 0.0016898916397284883, 0.5376442111433335, 0.11018426060320381, 0.10836381434933566, 0.005868663991652321, 0.007984792428403567, 0.0015868480744990303]
[0.008324935272872194, 0.37068156615279557, 0.000863193004233169, 0.014920056848574358, 0.005490681229232819, 0.012839265305733654, 0.0018136053372161231, 0.3218781337564169, 0.14964222194707671, 0.08417567271637162, 0.002104166188526613, 0.02678863384903815, 0.00047786839191216537]
[0.006149270154880697, 0.15801604457847368, 0.003926630398588086, 0.016271319122686978, 0.0009956982170195169, 0.01928164002348182, 0.002517610291236836, 0.5366493934678965, 0.11098413120230471, 0.1305345514612042, 0.002817892105570678, 0.008850223165914056, 0.0030055958107423086]
[0.006848281176320604, 0.2525543141235923, 0.015492048972494104, 0.011537014586018373, 0.004924661873544786, 0.00666105928336525, 0.002732507899214917, 0.5065095498524, 0.10274086897896358, 0.07994585333355196, 0.0007066888948023038, 0.0030066728404621068, 0.006340478185269749]
[0.00465966141407642, 0.3264048233711768, 0.04162964074390311, 0.021979715406460508, 0.00134535442770194, 0.01615731623890191, 0.0007876034986953401, 0.32331096995006836, 0.08693139791697035, 0.1635654818537859, 0.0025041409166201307, 0.007873708856232049, 0.0028501854054071582]
[0.005520347777377661, 0.20785758228070667, 0.010538910344274309, 0.02722728160433443, 0.0027358007897975312, 0.01079684630000272, 0.004928496239048307, 0.5107527443986913, 0.08435752182802046, 0.12753612738708017, 0.00010762079639273295, 0.00761235957063808, 2.8360683635458833e-05]
[0.005408012655085462, 0.30790455158665403, 0.02807539509861397, 0.008087479628801297, 0.002401664085081451, 0.008438931719785318, 0.0003058410657640086, 0.4189961908264202, 0.17037293608014245, 0.04126493416992021, 0.0030447771395903205, 0.0055794240466134366, 0.00011986189752794336]
[0.005833749960912685, 0.22000343250486099, 0.00721929391033383, 0.010932459217490878, 0.0014141985523489972, 0.006934031145789502, 0.0011047996939261534, 0.46723036034538923, 0.16842053100953844, 0.10407113143226467, 0.0018540386629736646, 0.0035145112243483603, 0.0014674623398226731]
[0.010773995495247797, 0.23326084098402633, 0.00481222025249618, 0.029941790669252764, 0.00029337142778239496, 0.010790617511896932, 0.0023739633481729186, 0.3936450246862936, 0.1843480237238626, 0.1198923319791017, 0.0028599169162669444, 0.006999852722357207, 8.05028324265222e-06]
[0.008216581233581903, 0.266830844112718, 0.0022381491513886213, 0.008990122149894494, 0.006972971202279642, 0.012746456278363526, 0.0010707944494720114, 0.37496372579245174, 0.1482559482433978, 0.1544547741545687, 0.005208195845226578, 0.009992118681956257, 5.931870470093262e-05]
[0.0032784899605270445, 0.3559062487630625, 0.001964694058118709, 0.006531399565636036, 0.000947688277926532, 0.008974860185234359, 0.004459276705547841, 0.3982933159984924, 0.11539823622229106, 0.09483752748465273, 0.0018042178213630918, 0.007427340221720623, 0.00017670473542709687]
[0.003146079947861667, 0.3167169702655752, 0.01469632462772178, 0.014325707372783436, 0.0031816135208474496, 0.016311580265389612, 0.0015840643617474187, 0.35305247087612657, 0.09151066711210906, 0.1746084426582488, 0.007990935547423975, 0.002645683730662779, 0.00022945971350224218]
[0.00654075729788904, 0.15623637039677707, 0.007582306070364048, 0.013098512333512273, 0.0029564788662229304, 0.004520612525521924, 0.00442998323529093, 0.5687456527105174, 0.15603812644715065, 0.07320383761792638, 0.0011503615336934533, 0.0038329751244382967, 0.0016640258406956947]
[0.00994055879949971, 0.25258510591331956, 0.007827890186765187, 0.011797199877958648, 0.006689734402259025, 0.004009617791651034, 0.0014769346878361908, 0.43133234317463565, 0.033742993203122636, 0.23546942223526038, 0.001830731437212346, 0.0016787183455576537, 0.0016187499449221477]
[0.014992744094035523, 0.2763124002226817, 0.014517698826857958, 0.029474976914153815, 0.009734088603596782, 0.028046238399550356, 0.002669001560628516, 0.36415259307231823, 0.11830867530219943, 0.13610651297024903, 0.0006194354573692504, 0.003686629055009198, 0.0013790055213500614]
[0.00658241591277972, 0.3955858489375776, 0.004385196997617711, 0.01404050385418473, 0.004503697571384969, 0.009978507209231453, 0.00022546299805183576, 0.27625699337216303, 0.13138177395246559, 0.13969046368429805, 0.0003288538302025471, 0.014653127106639734, 0.002387154573403204]
[0.008770555964467228, 0.19059185814355636, 0.004885539771353108, 0.008101466000252654, 0.0015127138343362255, 0.012075623528488443, 0.00263898936069563, 0.5980377377639862, 0.08655308648223448, 0.08149775760054545, 0.0018742009291219243, 0.002324003335067847, 0.0011364672858945066]
[0.009859011287686723, 0.2223765975825712, 0.007468420486477551, 0.009063923688122137, 0.0033525873286271873, 0.013411839600927202, 0.001975865654497609, 0.45945956260256277, 0.08690331871089642, 0.16950488856443285, 0.005515713660573516, 0.011057918023799775, 5.035280882501696e-05]
[0.010673894048121536, 0.2134428008120846, 0.043344967751107764, 0.013320387366040043, 0.005237357566080432, 0.009593419806243859, 0.0018830801819501551, 0.5035580567766622, 0.13866396634752293, 0.05178748381030024, 0.005789886999868616, 0.002137334337960806, 0.0005673641960567704]
[0.005360283695002385, 0.20264763747187128, 0.006162662815965983, 0.009023649995479152, 0.0011951747415671196, 0.010447386526633556, 0.002833064211111528, 0.550831039669285, 0.09067232158793218, 0.11008068771944343, 0.006275711524491144, 0.004082349208581156, 0.00038803083263604923]
[0.005339325202898357, 0.16966601793294456, 0.006943490982804621, 0.008336990876242354, 0.00025450592484315787, 0.0032260338265843653, 0.0003323888772580834, 0.5697927262673261, 0.09967714377635781, 0.1327928487556976, 0.00031137340775502884, 0.002907973626255938, 0.00041918054303206827]
[0.008637685478676183, 0.25760655584835185, 0.0268943002292304, 0.013559709021060028, 0.002374717786876801, 0.005168948994750849, 0.00016177040330422307, 0.4702422473916547, 0.10571467939981527, 0.09914646660893232, 0.0005912681297508144, 0.00667992348224581, 0.0032217272253507504]
[0.007599954331319415, 0.3040941358255387, 0.01503583164825716, 0.007541591808418314, 0.001371796221299025, 0.008277119425409627, 0.0017722913250280286, 0.3893063363035873, 0.16638948384043198, 0.08834675510843333, 0.00015235946324163507, 0.009011136041817738, 0.0011012086572177277]
[0.011526152659712343, 0.2354043558427765, 0.006589117614274634, 0.007175334538784012, 0.007263845069058606, 0.005562700919055231, 0.0013373604112389965, 0.4986502206041868, 0.13543891029877375, 0.0856342082626831, 0.0016025551342238216, 0.003795778663937871, 1.9459981294368135e-05]
[0.005498923209621411, 0.21694927447511334, 0.013354111740700588, 0.01775940406442129, 0.00389682737651038, 0.016779093686023903, 0.0038063216993765056, 0.4614327214199367, 0.14292943020188129, 0.1126079064057066, 0.00029673151901731703, 0.00422126594470654, 0.0004679882569842475]
[0.008547259745850171, 0.4002517074611877, 0.002976284156456256, 0.010586491769644883, 0.002161474194604188, 0.01134831797347768, 0.0005894619182758136, 0.3323311351451678, 0.06566942263090056, 0.1565928868919456, 0.0003069402126094079, 0.007550760006496472, 0.0010878578933834428]
[0.004138051467211716, 0.22112899715231094, 0.02688611157170552, 0.0070442206151531414, 0.0015112003720897857, 0.007502191099405874, 0.0007474358565981528, 0.493079829753458, 0.10383015325645778, 0.12420594081634612, 0.003550298162850256, 0.003747357822942368, 0.0026282120534704473]
[0.006087164314511217, 0.30294704684526275, 0.010487132146472903, 0.014078212431506445, 0.005893344574460636, 0.0059039923599096674, 0.002262573424068912, 0.493683601823806, 0.04446271148930916, 0.10874876447776469, 0.0026085573691543335, 0.002826789775542802, 1.0108968230583463e-05]
