
119473,267.97133333333335  
19714,1622.076  
14323,2231.0879999999997  
438,70983.37166666666  
1487,21281.570000000003  
6707,4758.3803333333335  
12767,2503.982666666667  
1916,16486.511333333336  
28380,1127.3509999999999  
1060,29888.965666666667  
133283,240.14566666666664  
40145,796.9463333333333  
21567,1483.0313333333334  
4262,7472.367333333333  
72992,438.4846666666667  
102699,311.5366666666667  
133646,239.52433333333332  
2069,22158.729000000003  
115420,277.2063333333333  
115886,276.0833333333333  
159210,201.029  
168314,190.141  
130696,244.94066666666663  
136932,233.756  
143983,222.246  
131965,242.68833333333336  
142847,224.178  
152390,210.01066666666665  
144210,222.02766666666665  
155942,205.27599999999998  
152878,209.59  
137482,232.70766666666668  
142584,224.63700000000003  
143475,223.15033333333335  
142655,224.3786666666667  
113163,282.89433333333335  
128021,251.11166666666668  
145085,221.35866666666666  
77308,413.895  
147348,217.72666666666666  
142675,224.29166666666666  
140107,228.93366666666668  
22275,1434.9629999999997  
141903,225.60500000000002  
136766,234.93266666666668  
120757,265.359  
154358,207.61566666666667  
141251,226.84733333333335  
132492,241.86533333333333  
135858,235.8323333333333  
117836,271.59066666666666  
129511,248.13966666666667  
88072,363.24666666666667  
103427,309.346  
125843,254.24166666666667  
123394,259.42966666666666  
120565,265.683  
121747,263.0156666666667  
122576,261.03400000000005  
142850,224.0  
128038,249.92933333333335  
118800,269.76033333333334  
59873,534.3083333333333  
4863,6591.1376666666665  
119697,267.46933333333334  
121518,263.30033333333336  
119855,266.94266666666664  
126354,253.25333333333333  
120206,266.24399999999997  
759,41445.99566666666  
126518,252.88966666666667  
122526,261.16  
135305,236.47199999999998  
128843,248.54999999999998  
128259,249.90099999999998  
125216,255.58833333333328  
126121,253.73433333333332  
121622,263.1193333333333  
114124,280.372  
115355,277.366  
133187,240.30266666666668  
2098,15165.353333333333  
116397,275.08366666666666  
127087,252.05433333333335  
354,88415.06800000001  
121716,262.9793333333333  
129520,247.04233333333332  
148509,216.1966666666667  
140504,227.91133333333332  
495,64094.206000000006  
115215,277.716  
125485,254.98566666666667  
124224,257.567  
130761,244.75200000000004  
121974,262.33466666666664  
127939,250.20400000000004  
120288,266.02666666666664  
104918,304.94033333333334  
144706,221.17933333333335  
124049,257.9406666666667  
114348,279.8786666666667  
128330,249.7413333333333  
119153,268.555  
119621,267.55400000000003  
118750,269.43533333333335  
115475,277.205  
120362,265.84133333333335  
84353,379.29866666666663  
114042,280.5423333333334  
117724,271.783  
122814,260.509  
13006,2456.4719999999998  
121871,262.81666666666666  
97041,330.10266666666666  
[0.0069155260396195194, 0.1834447592536152, 4.540155016822922e-05, 0.10719245211026587, 0.0, 0.0014360485822827512, 0.001089545973217106, 0.6964656075449445, 0.0, 0.0, 0.0, 0.0005657829330266091, 0.002844876012860236]
[0.05674151717600331, 0.04633143645770845, 0.02250938433771835, 0.15760427650464157, 0.038256149859004114, 0.0, 0.0002754786713339309, 0.6673403000446847, 0.007455566195770681, 0.0032138034453246785, 0.0, 0.0, 0.00027208730781025966]
[0.11760314179963834, 0.14087699374422166, 0.0006164813310663438, 0.36793081342558537, 0.03188391498194108, 0.003242186687966052, 0.00010144188430613675, 0.3222265921888753, 0.0, 0.013604305929664062, 0.0, 0.0, 0.001914128026735753]
[0.10608507197592398, 0.14445452213958312, 0.043957021214599365, 0.21888010011218179, 0.005124194192382097, 0.0007060021034195432, 6.30882666151613e-05, 0.40648332184491204, 0.034707644099268894, 0.038221156072230145, 0.0, 0.0013178779788839204, 0.0]
[0.03918283638171607, 0.20050705999707186, 0.000409292676210284, 0.03651428978246284, 0.0005850776068284652, 0.004872413993720208, 0.000167151687808818, 0.560595417629821, 0.11133318199612514, 0.04397508287139127, 0.0, 0.0018581953768440653, 0.0]
[0.03517934317159384, 0.11276452243384219, 0.004537420485028075, 0.04291149457661415, 0.010091903741803982, 0.006546052880642398, 0.0011852919848625992, 0.4762790485752473, 0.17151004373470496, 0.1380363546257959, 0.0, 0.0009060534054170961, 5.247038444747556e-05]
[0.023202823448017287, 0.1372056777714543, 0.0003921305640675121, 0.058909755079603866, 0.0032361856638584755, 0.007866473524104722, 0.0010572802688853483, 0.4800403646960823, 0.16246150407765775, 0.12480036039304568, 0.0, 0.0007885068087033796, 3.893770451945659e-05]
[0.0563897754119959, 0.24431411945142167, 2.8090230825734913e-05, 0.0606285315300569, 0.08892036478407518, 0.0015677257461237473, 0.011111085605054093, 0.31323712853464963, 0.18743737266216795, 0.03286090819793504, 0.0, 0.0003395101441224903, 0.003165387701571703]
[0.047991474333551144, 0.292545705513321, 0.00022055149170138966, 0.006660365000049564, 0.0248983405889967, 0.01503474184099921, 0.0021010065804684163, 0.36354709721236345, 0.06513888837632875, 0.17852383796291454, 0.0, 0.0006736675879120786, 0.0026643235113938254]
[0.022034202145859764, 0.2361843921099296, 0.00403042409723308, 0.027584592526979368, 0.09106490379660737, 0.0, 0.0014364388842896163, 0.42394659872438367, 0.10994961909856955, 0.07325746631108865, 0.0, 0.00542910187981247, 0.005082260425246846]
[0.0332344351898235, 0.2613547591900452, 0.013306366471729605, 0.008460574291666162, 0.04445175025704349, 0.0016860649819829224, 0.0006673933844468345, 0.4449804187710754, 0.12275300447673229, 0.06514780460675176, 0.0, 0.0012190070333632263, 0.0027384213453396874]
[0.02419868665530257, 0.03811638655913957, 0.0, 0.007252277583374962, 0.016927005799277993, 0.0, 2.6282409797668605e-05, 0.6247208371923627, 0.13726539089485976, 0.14725104384348284, 0.0, 0.0018306587488354485, 0.0024114303135665165]
[0.005867339716987964, 0.023577382849000024, 0.018522802142130465, 0.01230832260315423, 0.050037234494523, 0.005310129654133849, 0.0014155673667754364, 0.5296379981125747, 0.2587620468840074, 0.09329116320239934, 0.0, 0.0011881434692021433, 8.186950511148141e-05]
[0.020188890502289565, 0.037536852089905495, 0.023295212956433452, 0.010463220869370113, 0.08115893692342802, 0.0023897472277539726, 0.011928349767782401, 0.5360343820893922, 0.17473169568642583, 0.10067908358184326, 0.0, 0.0011403290643757073, 0.0004532992409999486]
[0.022046332327220555, 0.037882674483500835, 0.044211174689043016, 0.021593528966364656, 0.12926030177467546, 0.001622835502738937, 0.016251999880482898, 0.4280770324137155, 0.12990997569639648, 0.16482392871516888, 0.0, 0.0032380217138831377, 0.0010821938368097731]
[0.0028046255105720255, 0.029508291920156072, 0.009100002369174612, 0.008315795728139917, 0.040662438214876175, 0.002998173712997689, 0.00045867546486471174, 0.5179046141601397, 0.20057826914249766, 0.17257611911302853, 0.011497436744721175, 0.0008784331748662785, 0.0027171247439656708]
[0.002555219803475309, 0.010561374129725703, 0.01745907489734911, 0.012759544046160354, 0.12537396790217187, 0.002828820202849034, 0.0022388244578338207, 0.5573003260266153, 0.14536567640543424, 0.12087040136935397, 0.0, 0.002686770759031389, 0.0]
[0.02343284598204928, 0.021443344177037794, 0.0006011095135044326, 0.05920574291288089, 0.07415828328689704, 0.005205293347559899, 0.0015247175061027973, 0.5185846504363154, 0.12313072002933759, 0.1701807723951218, 0.0, 0.00218634941823113, 0.00034617099496187014]
[0.0059325112120203645, 0.014861484012566784, 0.0003568743566916844, 0.02514818682104622, 0.09109837837443062, 0.0032631780426384104, 0.0015627994514701479, 0.49487386451923676, 0.07515482578009706, 0.27849813462058176, 0.006646851637892807, 0.001685602987420485, 0.000917308183906993]
[0.013957359290442284, 0.0333218856833818, 0.011217571798280139, 0.009271858900871175, 0.03459163599736939, 0.0014355012057620836, 0.00030443781530690815, 0.511264870850611, 0.18153297359002107, 0.1987242915675616, 0.0, 0.002866356849055494, 0.0015112564513370202]
[0.011670690248899312, 0.02317548181065135, 0.0023576527850983423, 0.03952491131043258, 0.13466334644713213, 0.001370991646592268, 0.002166983922013465, 0.4545963288103999, 0.06705838579375882, 0.24362161392420706, 0.0, 0.002252121800714368, 0.01754149150010045]
[0.005287545963307518, 0.019209423370233895, 0.001407425930211465, 0.0549854299681808, 0.061425804898081304, 0.0004957125348786616, 0.0025125600526771474, 0.48320982660604006, 0.1546052095061001, 0.21259919438711528, 0.0, 0.003371082693988176, 0.0008907840891855693]
[0.023964035850377336, 0.017401487371714052, 0.004715692060404262, 0.011076634340675903, 0.048813974797026295, 0.003094522001256209, 0.0032953787675797782, 0.5255189038185829, 0.18059509757099973, 0.17992022576426195, 0.0, 0.001007117869436088, 0.0005969297876855373]
[0.038979389988653544, 0.011786700715328016, 0.011975257416808629, 0.035858312478531315, 0.06191726448485355, 0.0019004689662607932, 0.0029166543502879305, 0.4777518685077595, 0.14846881634451314, 0.20616669053785025, 6.596395812334511e-05, 0.0015244475757770577, 0.000688164675252883]
[0.02207341361270778, 0.023124825708197235, 0.004286895958871259, 0.0049830881782805935, 0.01990331078426568, 0.02340121601936967, 0.0029899888034537613, 0.5703479670850167, 0.20642809681083016, 0.12010498108278096, 0.0, 0.0007421748031208878, 0.0016140411531053872]
[0.020235435700205653, 0.03632880373484155, 0.009046495662829222, 0.04410661607922918, 0.0643697703762635, 0.002016848804384104, 0.0007359541918832561, 0.5389105113511146, 0.14497034749315627, 0.13652537455721409, 0.0, 0.0014117054498890204, 0.0013421365989896433]
[0.012473958256327472, 0.01020920203237097, 0.006923268066666573, 0.029387437093004256, 0.11766875206476882, 0.0020308303465649343, 0.0022601960295567936, 0.4565428108914835, 0.1861261069227163, 0.15747685939916156, 0.0, 0.0037908440923326925, 0.015109734805046094]
[0.018873965702993403, 0.029857144509516435, 0.013637004170809205, 0.034656522727840824, 0.08537925117229118, 0.0022163728308657272, 0.0060583319868647515, 0.4195391022950493, 0.11457260526916206, 0.26528837709873765, 0.0, 0.0016837651119026228, 0.008237557123966862]
[0.015402266644975526, 0.03456279033828734, 0.014225464422813226, 0.020308229188298825, 0.12921564276236935, 0.04996879653381959, 0.008539386164206356, 0.32913540261879326, 0.14990285631877862, 0.24281324592146208, 0.0027119128896535734, 0.0016079857083499192, 0.0016060204881922706]
[0.042278642969003306, 0.012215501607344212, 0.0027388490060721794, 0.01016386077021972, 0.012905088044908045, 0.03321343236264328, 0.0031448082807401774, 0.5429460659373484, 0.13816205128809728, 0.2008892094165382, 0.0, 0.0007932889977809787, 0.0005492013193042018]
[0.03429063811795344, 0.03691019095476776, 0.013263083564405377, 0.03785419509434631, 0.07332550075263085, 0.04778527239215862, 0.0012097184983942768, 0.47601217532381623, 0.17797570279795513, 0.09755031696062699, 0.002010755486781758, 0.001812450056163361, 0.0]
[0.030740920371618824, 0.0071537863395264075, 0.0025066231414139586, 0.0095262210554624, 0.013771152069267297, 0.005673216704872127, 0.0019561259855674315, 0.6447154434272561, 0.09196295792867626, 0.18917017975359804, 8.91337020612786e-05, 0.0023977858178877167, 0.00033645370279217316]
[0.04884009301255113, 0.014226595525821353, 0.0040212487060402044, 0.00792973299384142, 0.006524950633686448, 0.04975628698411199, 0.001879006727021322, 0.5738447634231029, 0.12839623445821208, 0.16244743854201427, 0.00013946253386933196, 0.0011061668942486957, 0.000888019565478893]
[0.03276849981196197, 0.025062528880909436, 0.0021266527890186544, 0.058086828876568936, 0.026364141915729472, 0.0017614587569444035, 0.007669250585368376, 0.5728150229529995, 0.15483394766088673, 0.1174764475766282, 9.127336511122876e-05, 0.0005288850729123296, 0.0004150617549607535]
[0.01683668224379015, 0.02879716953723247, 0.011907105886830218, 0.07108229209760475, 0.0294245804699598, 0.007504377828677776, 0.011169528708083815, 0.4948562299049552, 0.09319641367152517, 0.23328764011605618, 0.00011310273128678748, 0.0011508388383888544, 0.0006740379656087496]
[0.0548046666496813, 0.02755590908031139, 0.001935817288180763, 0.022938277218279984, 0.014662585108757434, 0.023409225723319205, 0.0017483852395718306, 0.5894990570171662, 0.10086420811095817, 0.15712573165434016, 0.00016071294867645583, 0.005049661098605931, 0.00024576286215122146]
[0.014553969616472045, 0.021121164601885314, 0.0018321274921032995, 0.022142607519993994, 0.01997160519817902, 0.0032736640522697527, 0.006422271283775956, 0.5952083418877382, 0.12842016281633048, 0.18553103877463642, 0.00016165983327939203, 0.0008741979872030306, 0.00048718893613316366]
[0.04569842820075724, 0.020869309341687337, 0.0012157764822596116, 0.034879946661545036, 0.025627861852481924, 0.05405734017984325, 0.005749911117134211, 0.5508593167385644, 0.2113078766809209, 0.047820875348616516, 0.0002716080091459577, 0.0011695970485801042, 0.00047215233846345707]
[0.029529302424784847, 0.009045885511006406, 0.002445468635793432, 0.020369048141775224, 0.02952703795113999, 0.0045482296660618576, 0.0018825888164734326, 0.5057152306979622, 0.21001349126884233, 0.18570653693799577, 0.0, 0.0008304424695812433, 0.000386737478583253]
[0.03123172675694838, 0.012619752582761979, 0.0015418874680711344, 0.039136615864456006, 0.006065823772126073, 0.0032975761575607184, 0.003777199871140686, 0.5656350462448922, 0.1476543823042214, 0.17785963558917775, 0.00013392728264779706, 0.0002851008405842173, 0.01076132526541151]
[0.028918835706041708, 0.03891455058578848, 0.0019564664076683717, 0.04959240225053574, 0.031213234566907173, 0.009575197463206226, 0.00683786607276163, 0.5205275502634461, 0.07327986067486361, 0.23866239609411705, 0.00019209396211487427, 0.0, 0.00032954595254904175]
[0.020561132066347906, 0.019933290394251613, 0.005506446198117221, 0.03961560720653966, 0.0441787274292357, 0.022495970003641053, 0.0029722606358678987, 0.4440692813925995, 0.10882156730918734, 0.28219502607017055, 0.005806723786012823, 0.00016143618284529375, 0.0036825313251835894]
[0.017910491596460975, 0.031240922436124505, 0.004829343687769601, 0.045451117274327504, 0.028681816219276485, 0.004819560028940555, 0.004102628454135, 0.5607705182091622, 0.16554499218978583, 0.1351481816579395, 0.0006482965085385061, 0.00010413112961188733, 0.0007480006079275337]
[0.026154304666384416, 0.02393791371811882, 0.008482526193560682, 0.022919173904587906, 0.030486493472871683, 0.003571623265654352, 0.005239238831312145, 0.5103226288591522, 0.12005840096691216, 0.24463810840551084, 0.00024760563954248665, 0.0, 0.003941982076392222]
[0.022760112229479684, 0.021659769113732297, 0.00824935831947803, 0.06464186452896459, 0.031232649793014815, 0.0081137267280624, 0.0026694159840801902, 0.3984331166734233, 0.13959020621998341, 0.29756081006837976, 0.003306748494772455, 0.0, 0.0017822218466290913]
[0.03228026299034973, 0.04022347101823956, 0.002697707995480751, 0.029558589535015868, 0.031881226913136614, 0.0043071241893475115, 0.0029339176363231993, 0.5952860286406538, 0.07310439096574226, 0.18599908836876453, 0.0004636970484064623, 4.6445161414361024e-05, 0.001218049537125358]
[0.028293626423965785, 0.03889017129114511, 0.0034389191188524534, 0.03353547124292195, 0.030842976272400534, 0.002177953177249428, 0.006085385388984898, 0.4908920163219614, 0.17357450493032744, 0.18513580950471606, 0.005391952305403052, 0.0, 0.0017412140220720023]
[0.032798836388666826, 0.027380863456778596, 0.0034273434808113888, 0.024899901926234667, 0.008153169017328668, 0.045580081623602366, 0.016610749021958606, 0.5862284680520669, 0.20898190802102096, 0.04490980210346016, 0.00038704900990219564, 0.0, 0.0006418278981687345]
[0.019284130937071865, 0.023959613915426857, 0.003520027305419088, 0.013234565632564593, 0.013018268665043608, 0.00695734185999705, 0.0034084115739787314, 0.4997397889881183, 0.14897326783038767, 0.2616504734631787, 0.00013478559055129602, 0.000564797082828589, 0.005554527155433656]
[0.018278775265905822, 0.011178725264110496, 0.004057833444496626, 0.05004073508005037, 0.026855637359157608, 0.0066569997657234346, 0.0025244930070395725, 0.49359308015824627, 0.16507025393153493, 0.22018060444410453, 0.0004251895341341975, 6.487406646325878e-05, 0.0010727986790329109]
[0.02181939891904758, 0.014877411268324838, 0.007743040307738367, 0.0378939900081249, 0.015060235157267163, 0.0037314363667183006, 0.002313452548020933, 0.6302437328916637, 0.1654074610238368, 0.09897176529214269, 0.00039900193918097107, 0.0005190789288248189, 0.0010199953491089476]
[0.03069088025271464, 0.01464302164334164, 0.006666863686056174, 0.024665938184154176, 0.01725489550767819, 0.04521146451874293, 0.002134450141795102, 0.6226859310153332, 0.10222612437625092, 0.13234708231357992, 0.0005153005750838741, 0.0, 0.0009580477852691921]
[0.05318387837764775, 0.03137385716897636, 0.003840440306957324, 0.027897210647989047, 0.027444593968606535, 0.019650846300852242, 0.00567765670408504, 0.5329513747004816, 0.17197933444247518, 0.12277787982098753, 0.0008367279075386983, 6.976104906585277e-05, 0.0023164386043369087]
[0.03411346508832116, 0.014084926130765618, 0.005606041861539867, 0.009793096730053602, 0.010071475364651142, 0.022187575747983614, 0.004986870658247906, 0.6719280687460426, 0.060541071951794756, 0.16322552128386242, 0.00040427110878563886, 0.0015597903018939622, 0.001497825026057727]
[0.022253254411787344, 0.02164063764537451, 0.008426026528012658, 0.06891693747481754, 0.012005256977137726, 0.008367738794347162, 0.004055841735094116, 0.46979583612813186, 0.1074954579736673, 0.2755972217083762, 0.0002432997933559904, 0.0004910142821522879, 0.0007114765477452694]
[0.016910791645768537, 0.011735143536076166, 0.005751494536116552, 0.05976488620559095, 0.014780250601302308, 0.025859640010620265, 0.0054507137840994835, 0.4939554370804192, 0.022185477131125984, 0.3393300709294077, 0.0012316194679669573, 0.0019942628575116677, 0.0010502122139941564]
[0.021656776681298683, 0.025358365195746364, 0.004402041501719972, 0.04274176601401063, 0.019117214052002767, 0.024078536774286136, 0.01073267788828848, 0.5672471653129798, 0.09374858515371495, 0.18833241311336613, 0.0010016821590879974, 0.0006449457563324087, 0.0009378303971656627]
[0.026007280500765794, 0.009243673606868693, 0.004944520375084623, 0.03233687329630827, 0.02078558662588301, 0.0056087900552934675, 0.003619102080238336, 0.591602539894276, 0.19172144056620455, 0.11248633920266286, 0.0003882106637261328, 0.0003021979810961113, 0.0009534451515919733]
[0.016684226962496343, 0.018960202987080378, 0.005562831963531396, 0.04932796911227164, 0.018241659946995784, 0.004493820781260651, 0.007714669914168688, 0.6125585382170183, 0.14386543239200436, 0.12198899769625, 0.0002067122311420903, 0.00018457449547595178, 0.00021036330030435512]
[0.019961759862087047, 0.022927983200819714, 0.006034916560640596, 0.01867009138791114, 0.017802422703365982, 0.003826113827173093, 0.003153144727400345, 0.6339034948415296, 0.1630393149571157, 0.10581148528205708, 0.0009555438675815355, 9.463279646239507e-05, 0.0038190959858557193]
[0.025674571864719505, 0.022177789427906224, 0.005444912217764004, 0.05139285495445897, 0.00814302742798991, 0.003233565878845384, 0.009571510078260537, 0.6217100864378012, 0.19874941986199496, 0.0481161195148576, 8.323141572041167e-05, 0.00016699032081647533, 0.005535920598864815]
[0.029925820707252703, 0.026667013700530436, 0.00951661466287476, 0.05283739516827594, 0.045410876271340224, 0.024804991689558114, 0.004336145700437399, 0.5365390487203121, 0.06546932089608068, 0.20329409475052537, 0.0004168992232215362, 9.633352642932735e-05, 0.0006854449831616038]
[0.034126440679565676, 0.037893940423540495, 0.005180319450286021, 0.008469461152622072, 0.016763800059817542, 0.03693771982401125, 0.002833727986691772, 0.5955614393576728, 0.08507700527173119, 0.17325415991367238, 6.449532364579923e-05, 0.0006256174147278068, 0.003211873142015248]
[0.015732682525481618, 0.019261312227183913, 0.002693344989495081, 0.07501325636296623, 0.01528104311038631, 0.003931841535009821, 0.0051487674155768675, 0.5019033659604599, 0.09488520402577313, 0.2632969037288923, 0.0005904465612803372, 0.0004050123225905732, 0.0018568192349038936]
[0.017337062124172152, 0.04601213368306179, 0.005127937660982869, 0.043358037411846684, 0.027847788779349653, 0.004136011209496785, 0.007880016531494094, 0.4991182424396735, 0.0760460224301147, 0.26195919577260895, 0.00041470009971142276, 0.00031225834328055735, 0.010450593514206803]
[0.04109001871130127, 0.020061425176352014, 0.005798038889187599, 0.039571674835980696, 0.014713099154630798, 0.06332038026353588, 0.0034660967015058817, 0.5477002693972606, 0.09984226390637815, 0.16381323313468268, 0.00014351931134631984, 0.0, 0.0004799805178381163]
[0.021742345971415743, 0.020028971797485157, 0.009567656723891638, 0.0365757787068252, 0.014690467588024012, 0.04436882263562948, 0.0051620686274943695, 0.5562646757557627, 0.02186642372627953, 0.26842605627761407, 0.00040560240163668986, 0.0003811136522555881, 0.0005200161356858507]
[0.029812894642291178, 0.024069597943536337, 0.004323865457283589, 0.04466029401872398, 0.030125728344983553, 0.004200951550743002, 0.0049067906882078165, 0.5934742636069522, 0.08796158197323316, 0.1746923321608583, 0.000371373706174909, 0.00039346256708705453, 0.0010068633399249413]
[0.019252234578371736, 0.019368399024657933, 0.0035646493625313114, 0.03487459877352478, 0.016732204717420467, 0.0058892347231464465, 0.0028792818843962845, 0.5485215025127248, 0.1599005007901091, 0.18736550633033403, 0.00018126007793472007, 0.0006689897597037771, 0.0008016374651447057]
[0.01587036943654197, 0.022199558141828404, 0.011797051829708517, 0.03769364332915694, 0.02251851287970332, 0.009240604337476133, 0.003858256479813472, 0.502724362945365, 0.0927276694247651, 0.278317331412268, 0.0006149533438580986, 0.00034294622904447724, 0.002094740210470448]
[0.034870689758194455, 0.015207140856657685, 0.002437307057200476, 0.07716426927800435, 0.023235922359780996, 0.005851371445573646, 0.004242960377396327, 0.508031805419288, 0.04231860117161214, 0.28534774958400466, 0.00017669411567586122, 0.0003948812725090411, 0.0007206073041022029]
[0.017341924126235038, 0.015916296748006844, 0.003298524206940711, 0.01701089184041965, 0.015391618760740598, 0.005968594855630521, 0.004159121215135085, 0.653824111263471, 0.21763548233008498, 0.04755706078274769, 0.0006741180229293835, 0.0004793650657997799, 0.0007428907818588549]
[0.019236279613165312, 0.009322255765450546, 0.007039699395939088, 0.0431902750421308, 0.01420816508566573, 0.005969011621146677, 0.002394012063293037, 0.5932840179666243, 0.1695838845740741, 0.1342128958961108, 0.00045483886743214895, 0.0, 0.0011046641089674407]
[0.021610501892091988, 0.01677556901561801, 0.0067729250350069105, 0.04505271082075547, 0.022460126682226373, 0.008782906946316569, 0.0029901011267747927, 0.5466832753470674, 0.1074652726042182, 0.21986934333775582, 0.0002816799584228262, 0.0004945486336475709, 0.0007610386000980507]
[0.027910642248342183, 0.018129682115535575, 0.005449117680884257, 0.0430369049970852, 0.02357739564821097, 0.03416187568056863, 0.005024568464899583, 0.5076270599824865, 0.18612406689526223, 0.14648590578654158, 0.00020800923704029757, 1.9033894203286343e-05, 0.002245737368939741]
[0.019314535782865874, 0.020356877606870584, 0.0034299020328104205, 0.028857875185024355, 0.01738065270208413, 0.020560366892501368, 0.0028534682450500606, 0.5805335135120785, 0.06500336977514631, 0.23892854629711766, 0.0004321333553699916, 0.001206487605055132, 0.0011422710080255926]
[0.01835877233615546, 0.010321222467882458, 0.0038686483794561563, 0.03807537289953591, 0.02598399402141688, 0.008500845823779388, 0.0023410153473202465, 0.5626393203724981, 0.12527593260125655, 0.2019912348762089, 0.0012621132303717885, 0.0006072331060232558, 0.0007742945380949694]
[0.020949080541629486, 0.01552274759657522, 0.005096091957821575, 0.021481048362570476, 0.01245643127636702, 0.002837860926505471, 0.003815448806790818, 0.6184738039183333, 0.1647235333468186, 0.12982277919487892, 3.649104561417925e-06, 0.0005745285965843511, 0.004242996370563421]
[0.024448061347480017, 0.02282576158189851, 0.0085099546638276, 0.07982073164646852, 0.0279581712443868, 0.009815801755262601, 0.004552092399011678, 0.44899901092969063, 0.1550937288730223, 0.20840827326733322, 0.00033513740890971165, 0.00045731908686290026, 0.008775955795845499]
[0.020977064400683466, 0.017706878651974112, 0.005449944884832576, 0.015800952919617355, 0.005174985216065194, 0.0034036357520054344, 0.0026585551137449557, 0.6721764885470856, 0.16196918127936882, 0.09368943685557317, 0.00010191259267375511, 0.0003262816020947816, 0.0005646821842808996]
[0.02242101738806746, 0.011071516217954729, 0.003241417108383329, 0.02343601882804188, 0.019211162838523442, 0.003300329712753689, 0.005141859325725553, 0.6200177857458864, 0.11624638491183381, 0.1746242471660287, 0.0004768572063747555, 0.000427104769829876, 0.00038429878059632525]
[0.016721135921075474, 0.016458008947855728, 0.004209301188843596, 0.032728587238415756, 0.005990115501069358, 0.0025608090908536703, 0.0021171616288093065, 0.5074556471007206, 0.2778214157640843, 0.12830366907454702, 0.0001607965744741076, 0.0009359320912209554, 0.004537419878030203]
[0.017495145123456957, 0.013009825619695423, 0.006995196243874311, 0.0268073952949182, 0.023432852050128385, 0.0035537159037931482, 0.0026816109684854733, 0.6104101221797947, 0.24189256698987005, 0.05158123369129348, 0.00048762174349667155, 0.0007925788184817407, 0.0008601353727115267]
[0.036080439731098646, 0.008769641004109688, 0.002684201913687028, 0.02201808827517775, 0.02082324485580464, 0.003219766620207329, 0.0026717741549891374, 0.5921065631485071, 0.08392623558415965, 0.22555762443451433, 0.00012150051443268186, 0.0009000125385373337, 0.0011209072247746691]
[0.02135914122042746, 0.02616474351673028, 0.003958987901898442, 0.015358098162034654, 0.028526873017925884, 0.004253442817527859, 0.003284240680737521, 0.6010881545578297, 0.16143840480722496, 0.13191990492946612, 0.00016489003237244487, 0.0005430535035295784, 0.0019400648522952281]
[0.015945183444214677, 0.012243068591792274, 0.009654502941570789, 0.04751660138787822, 0.02159616241670754, 0.017922029088794037, 0.002320075164709328, 0.5563180026415252, 0.0919924776015585, 0.21968977350722954, 0.000455985425710171, 0.0009749556441635609, 0.0033711821441461246]
[0.035936848386154394, 0.013603776420056873, 0.003879877896781397, 0.02911271924488649, 0.01599693319045659, 0.0038050360930150817, 0.0016188356042005244, 0.6118592467443126, 0.19221709861223463, 0.08792904711304692, 0.00029506523236748263, 0.0004722124096447896, 0.003273303052842251]
[0.018784865721778257, 0.018132459820000193, 0.004093831792273959, 0.052063739521271565, 0.006359101035166227, 0.012983720730878417, 0.0014491168848065083, 0.5797122776596412, 0.11692307539579697, 0.1850321097884004, 0.001386853286036444, 0.0019267550219271422, 0.0011520933420226954]
[0.0261737144420365, 0.013247362244635366, 0.004962409164794987, 0.02910656992268804, 0.024100484418714214, 0.011998105036156611, 0.006192050213782918, 0.5198681430947762, 0.19179070792479774, 0.16967565114159217, 0.00024009002852042467, 0.001288843138513429, 0.0013558692289914306]
[0.016346630697520435, 0.010817091499516726, 0.0035213315740617837, 0.038914085115180484, 0.04098440575068947, 0.007751311381422178, 0.004911531408140328, 0.5222751888437087, 0.25926142965557, 0.0918277930922576, 0.0005222358917371187, 0.0008019281557453962, 0.002065036934449729]
[0.016258540205043342, 0.00998369225389458, 0.003987263999848014, 0.05281650294570499, 0.009257436061507958, 0.003438466410627619, 0.0032984370050836657, 0.5439102268468233, 0.21489352335532666, 0.1323294697791135, 0.0005088022774100883, 0.00787053345974192, 0.0014471053998744079]
[0.01981406016775189, 0.018647624079836472, 0.004386280460091576, 0.052484645774213086, 0.022946054524365597, 0.002427967132601824, 0.0056926481304435134, 0.6089024183098248, 0.08567977489291558, 0.17644958248262582, 0.00025434890145705326, 0.000768980854010024, 0.0015456142898627784]
[0.015788404654901847, 0.013258311324901398, 0.003999233751231883, 0.0419929052092103, 0.01765404307213516, 0.007041820549628248, 0.0028184977010553315, 0.5690148970956092, 0.16123710567023988, 0.16377696776931652, 0.00028734341475590715, 0.0011326975879923339, 0.0019977721990220862]
[0.029689612190231703, 0.019071698362318645, 0.004881094023320705, 0.04869724484327823, 0.03574981994429195, 0.006817349558978353, 0.00357272081225411, 0.4572285609703119, 0.13010743073703612, 0.2537888061660779, 0.0023810988874386632, 0.0005332719541383678, 0.0074812915503233175]
[0.03163072803214267, 0.020161855400736412, 0.009204017556104647, 0.043004869675209736, 0.018699939155862967, 0.007529734863440931, 0.003148178042777567, 0.6458287487842843, 0.12184345019853426, 0.08965972781004464, 0.0001564480474246322, 0.007603291062369719, 0.0015290113710675316]
[0.02330710468838251, 0.036303618701499604, 0.004404664307087826, 0.06704139668085309, 0.020306728730957013, 0.008412903579374654, 0.0021137385387767103, 0.4595241744115741, 0.12869367544791083, 0.24710241723427884, 0.0010479663734422452, 0.0004312943873742817, 0.0013103169184883743]
[0.020626571336985304, 0.020173702449136622, 0.004384419152866215, 0.054117399234594306, 0.029286518166122228, 0.00867721493078095, 0.0030271385096686653, 0.47711563279094077, 0.24028752326821123, 0.13729737314064233, 0.0002307627244273608, 0.0005690275248258168, 0.0042067167707983254]
[0.014550845906190463, 0.012720793144865473, 0.004790914317409013, 0.027930273208612588, 0.025144105079792634, 0.004654238341363738, 0.00685891814622154, 0.4973825621596001, 0.23784091087955178, 0.16510189127931044, 0.00100001695542937, 0.0004464874093505078, 0.0015780431723024075]
[0.022925889640173953, 0.010739162671904511, 0.005998051865468894, 0.02376389705714586, 0.01717410973177281, 0.008727894371001195, 0.001787158718116967, 0.3734947533394741, 0.3415302539615658, 0.18818217166213053, 0.0006115912912830897, 0.0007652327528322323, 0.00429983293713017]
[0.011157348048667887, 0.018674866728540317, 0.00490406096303323, 0.017611197320440163, 0.01911854571479263, 0.0045532979323377075, 0.004682797807486079, 0.5059258333996712, 0.27029340157310466, 0.14101153819304993, 0.00048747104543194364, 0.0009987821081332896, 0.0005808591653109236]