
148486,215.46666666666667  
267,112450.88333333335  
8974,3562.517  
15580,2051.713333333333  
945,33329.238  
16930,1889.582  
1005,31784.339666666667  
8029,3982.733  
12749,2509.2816666666663  
12278,2615.1893333333337  
96658,331.0253333333333  
90456,353.6746666666666  
75993,420.933  
13375,2391.3593333333333  
29548,1082.6666666666667  
137170,233.32533333333333  
129880,246.32866666666666  
95857,333.7903333333333  
150889,212.0476666666667  
92506,345.827  
140632,227.49466666666663  
144539,221.3603333333333  
148377,215.62833333333333  
139571,229.22033333333334  
72556,440.91766666666666  
150994,211.885  
148223,215.84433333333334  
138871,230.39200000000002  
147575,216.79633333333334  
146134,218.95133333333334  
148788,215.02066666666667  
155021,206.389  
97650,327.9356666666667  
144173,221.91  
139873,228.81466666666665  
133258,240.07933333333332  
57112,561.5036666666666  
145217,220.37566666666666  
147458,216.9606666666667  
30469,1049.5869999999998  
156584,204.48299999999998  
165119,193.76  
107147,298.595  
110034,290.759  
156272,204.73433333333332  
71762,445.7546666666667  
154823,206.63833333333335  
144452,221.4863333333333  
134506,237.87733333333335  
147273,217.24333333333334  
105315,303.7803333333333  
85783,373.65433333333334  
142807,224.86066666666667  
157692,202.955  
90169,355.003  
158995,201.28866666666667  
160524,199.31266666666667  
160631,199.17933333333335  
116213,275.30566666666664  
157364,203.298  
154653,206.8646666666667  
151882,210.67533333333336  
148958,214.92666666666665  
124009,265.94533333333334  
125670,261.95266666666663  
149514,214.035  
153125,208.96333333333334  
154858,206.61333333333332  
141656,225.9126666666667  
155270,206.117  
15718,2031.305  
159194,200.98  
127842,250.283  
150969,211.9403333333333  
159250,200.865  
4165,7646.969666666667  
154740,206.79533333333333  
165687,193.096  
76043,420.824  
7831,4066.5609999999997  
156414,204.55766666666668  
152566,209.72866666666667  
152234,210.19899999999998  
155102,206.28266666666664  
152139,210.29333333333332  
151050,211.83966666666666  
158312,202.11299999999997  
145612,220.1336666666667  
108550,294.72666666666663  
149708,214.43966666666668  
151805,210.78366666666668  
134968,237.04166666666666  
156751,204.14499999999998  
157172,203.56500000000003  
153364,208.61433333333332  
158494,201.85300000000004  
157769,202.79666666666665  
149434,214.11766666666665  
156755,204.189  
147140,219.41133333333332  
102340,312.6363333333333  
110592,289.34933333333333  
106522,300.35966666666667  
8997,3850.7253333333333  
142361,224.9563333333333  
19231,1662.282  
150101,213.15333333333334  
3194,9971.101333333332  
151623,211.17333333333332  
140889,227.15133333333335  
79278,403.5713333333333  
91692,348.93333333333334  
148086,216.10733333333334  
146370,218.60733333333334  
147255,217.274  
148061,216.10933333333332  
139546,229.28733333333335  
148805,215.12199999999999  
153060,209.2106666666667  
147466,216.99099999999999  
138166,231.5713333333333  
145397,220.03799999999998  
150955,211.95533333333333  
145844,219.51200000000003  
155303,206.03566666666666  
105262,303.9653333333333  
144909,220.96933333333334  
98878,323.5846666666667  
153258,208.769  
126582,254.457  
105837,302.61766666666665  
103831,308.13766666666663  
109567,292.4246666666666  
120117,266.394  
42575,751.1436666666667  
77839,411.01233333333334  
109775,291.5083333333334  
108452,295.08799999999997  
94501,338.5506666666667  
106350,300.87100000000004  
137050,239.30166666666665  
134830,239.7993333333333  
104874,305.1276666666667  
113787,281.2046666666667  
112652,283.992  
104126,307.915  
97186,329.2076666666667  
96911,330.194  
105458,303.48333333333335  
105234,304.0156666666667  
97651,327.68333333333334  
108680,294.4286666666667  
112358,291.085  
30299,1057.2033333333331  
109568,292.4403333333333  
94290,339.2713333333333  
103435,309.332  
74223,430.9363333333334  
59501,538.3303333333333  
107186,298.5176666666667  
49856,641.8176666666667  
113970,281.47366666666665  
89904,355.836  
111260,288.1016666666667  
111872,286.0946666666666  
140244,232.4526666666667  
118850,274.692  
104985,305.0216666666667  
102016,313.889  
107001,299.0113333333333  
96635,331.168  
108972,293.623  
99007,323.166  
42950,744.83  
106658,300.046  
106051,301.676  
94040,340.24066666666664  
140357,231.8216666666667  
133813,241.98799999999997  
108784,294.3243333333333  
70619,453.151  
4155,7698.8640000000005  
11481,2774.7729999999997  
2234,14161.695333333331  
117040,274.91266666666667  
121111,264.57366666666667  
102974,310.67  
2130,14949.475333333334  
106124,301.5123333333333  
106998,300.88633333333337  
1758,18089.192666666666  
54033,592.0333333333333  
155062,206.337  
149052,214.64866666666668  
157925,202.58966666666666  
145394,220.18966666666665  
122649,260.8573333333333  
148799,215.011  
153760,208.076  
140341,227.96766666666667  
137360,232.9143333333333  
149819,213.54999999999998  
154723,206.77066666666667  
58089,551.236  
149416,214.12366666666665  
143482,223.00266666666667  
150606,212.48533333333333  
145022,220.612  
144817,220.92600000000002  
121499,263.317  
153290,208.72033333333334  
154029,207.70466666666667  
150967,211.92600000000002  
154270,207.37866666666665  
18297,1747.6603333333333  
126259,253.38666666666666  
151536,211.13  
149240,214.36933333333332  
129622,246.798  
155197,206.15233333333333  
143675,222.67533333333333  
150060,213.21133333333333  
152780,209.41533333333334  
136447,234.46766666666667  
148168,215.95966666666666  
152235,210.18966666666665  
148711,215.141  
152518,209.771  
152191,210.31633333333335  
114992,278.23833333333334  
152980,209.12933333333334  
104507,307.23966666666666  
98286,325.51399999999995  
101742,314.4386666666667  
122368,266.70933333333335  
148128,215.96733333333336  
143532,222.92733333333334  
143581,222.88166666666666  
121887,270.311  
122316,261.551  
124967,256.02833333333336  
142955,225.076  
133373,244.47866666666667  
3974,8021.651333333332  
126827,254.32733333333337  
147750,216.639  
137920,232.00633333333334  
122386,261.77566666666667  
497,62078.007000000005  
115980,275.87966666666665  
8704,3662.4943333333335  
138979,230.4706666666667  
147512,217.13766666666666  
134186,238.9766666666667  
137814,235.2196666666667  
119291,270.78766666666667  
129735,246.66233333333335  
125735,254.73333333333335  
64016,499.8213333333333  
148079,216.12233333333333  
129364,247.31366666666668  
145922,219.25166666666667  
158909,201.34766666666667  
146131,218.96333333333334  
58859,543.7926666666667  
149706,213.74266666666668  
139155,230.32333333333335  
153387,208.76766666666666  
127330,251.215  
160862,198.89433333333332  
155097,206.274  
160662,199.12866666666665  
160079,199.86666666666667  
159412,200.696  
134010,238.83966666666666  
108307,295.36266666666666  
135527,236.064  
129138,248.08900000000003  
125441,257.1003333333333  
137366,234.62133333333335  
107667,297.55933333333337  
135803,235.717  
148388,215.73600000000002  
96043,333.1716666666666  
151333,211.461  
153183,208.89  
139814,229.69633333333334  
134155,238.96866666666665  
147113,217.501  
149240,214.45166666666668  
2785,11431.392333333331  
136859,234.8696666666667  
157709,202.98166666666665  
159356,200.774  
154202,207.47866666666667  
163562,195.60433333333333  
151987,210.505  
157058,203.73533333333333  
154465,207.16099999999997  
42456,753.529  
153161,208.98333333333335  
151033,211.84  
132647,241.189  
77116,416.0543333333333  
119338,270.75966666666665  
119296,272.425  
146849,217.89866666666668  
143120,223.65166666666664  
153381,208.867  
146643,218.21966666666665  
137955,232.00833333333335  
70768,452.06500000000005  
61107,523.8269999999999  
151835,210.726  
143822,222.588  
146306,220.84133333333332  
118142,274.7013333333333  
15888,2012.7706666666666  
144181,222.18200000000002  
149190,214.57266666666666  
145036,220.68166666666664  
154510,207.08266666666668  
155968,205.1353333333333  
143693,222.967  
114417,279.89366666666666  
145799,219.4466666666667  
145337,220.12800000000001  
147008,217.76433333333333  
136366,235.17933333333335  
150894,213.02433333333332  
152562,209.713  
159856,200.13700000000003  
156519,204.414  
153077,209.01500000000001  
16643,1921.3293333333334  
145984,219.337  
85211,375.7323333333334  
151453,211.27266666666665  
141801,225.65933333333336  
149411,214.19433333333333  
129982,251.24699999999999  
123217,261.767  
5235,6095.476999999999  
144875,220.82533333333333  
146778,217.99699999999999  
144894,220.83366666666666  
150767,212.37433333333334  
141539,226.03466666666668  
66269,482.77666666666664  
154991,206.47466666666665  
155560,205.696  
144028,222.12966666666668  
152012,210.52999999999997  
118189,273.31333333333333  
128271,249.553  
149802,213.576  
146487,218.39266666666666  
1846,17190.540666666668  
147757,216.53033333333335  
156798,204.0376666666667  
1493,21213.126999999997  
151181,211.62833333333333  
127125,251.67133333333334  
146565,218.29266666666663  
137489,232.713  
59879,534.6746666666667  
137846,232.3276666666667  
153296,208.70733333333337  
141878,225.634  
143396,223.10799999999998  
128995,248.021  
145262,220.34399999999997  
153548,208.36733333333333  
144991,221.0043333333333  
152977,209.134  
151395,211.40633333333332  
154842,206.62466666666668  
140398,227.9563333333333  
63059,507.6666666666667  
152769,209.4213333333333  
144660,221.26766666666666  
144119,222.013  
150243,213.03566666666666  
126672,252.62800000000001  
153105,208.97  
107346,298.0466666666667  
144091,222.03600000000003  
155412,205.8713333333333  
159356,200.76699999999997  
151775,210.80133333333333  
137849,232.10799999999998  
154707,206.79999999999998  
146481,218.47266666666667  
78587,408.7676666666666  
96735,330.73766666666666  
107598,297.3443333333333  
80864,395.6066666666666  
102270,312.8403333333333  
85510,374.1766666666667  
107163,298.56766666666664  
10097,3165.0046666666663  
103278,309.7846666666667  
73905,432.858  
106102,301.65633333333335  
[0.035861993074108464, 0.2235533208884962, 0.0008593413929437521, 0.11776824203277435, 8.009289697508407e-05, 0.0007298235799933986, 0.0016309255137349002, 0.6192437111822416, 0.0, 0.0, 0.0, 0.0, 0.00027254943873233927]
[0.04412894966707203, 0.14342923532263788, 0.054936398856862745, 0.08559774340555876, 0.0, 0.002031789960724936, 0.0, 0.6108503809742976, 8.395137560316451e-05, 0.0, 0.058941550437242904, 0.0, 0.0]
[0.005687802552182228, 0.18626865625603975, 0.0005403753752977353, 0.1179912579344302, 0.010124904004152635, 0.0002897905856875989, 0.0015872699631063094, 0.6592551934408895, 0.006397259900157071, 0.0, 0.011583000875705888, 0.0, 0.0002744891123511733]
[0.011117396116890178, 0.2544690176615088, 0.009493809545090135, 0.050206120428592814, 0.04897990755476069, 4.843140803415298e-05, 0.0012766740760419223, 0.6182642008129225, 0.006144442396158693, 0.0, 0.0, 0.0, 0.0]
[0.009156403577114839, 0.12904405012909964, 0.01621935988723707, 0.07137714986478277, 0.03625636445291164, 0.0005571232200749796, 0.015147082245242041, 0.7112285404470713, 0.004547993414282966, 0.004489011881284896, 0.0016105939203460637, 0.00021556860496238744, 0.00015075835558948464]
[0.00023506550032195215, 0.09477730421527196, 0.004592095915471863, 0.19595702436785567, 0.027554562243842187, 0.002929345371825091, 0.0007780887887419217, 0.6400433102168677, 0.0, 0.0, 0.033133203379801864, 0.0, 0.0]
[0.01526600205693302, 0.025760707004793205, 0.004687421398483445, 0.24533316274100014, 0.1937429256133201, 0.00011244564749028209, 0.0006194779817701151, 0.48228522299908844, 3.723604934453105e-05, 0.0, 0.03198533980564055, 0.0, 0.00017005870213626645]
[0.006232941733598902, 0.04818403219027345, 0.014270696999118452, 0.3035412044119563, 0.07160697592610991, 0.00019111199159893813, 0.013981903742314027, 0.5086228269299381, 0.0, 0.0, 0.033368306075092044, 0.0, 0.0]
[0.0, 0.0045552834020245545, 0.008427799594437572, 0.2810589179762766, 0.04263274970532292, 0.0011394451884792264, 0.04889300119357214, 0.5684847133132956, 0.004264405570520489, 0.0, 0.04045311523509744, 0.0, 9.056882097332771e-05]
[0.002746771956446686, 0.02323752318690873, 0.00026350530869829694, 0.3844733106842445, 0.13118990876358655, 0.0022885493356386874, 0.01540198517046968, 0.43796812977365807, 2.7693938638910708e-05, 0.0, 0.000132203265314101, 0.0022704186163958065, 0.0]
[5.756158503313256e-05, 0.004144270257100924, 0.00946003260458238, 0.3328816295216045, 0.11164648628455895, 0.00045465249510435465, 0.028706016875132453, 0.4970441499026252, 0.008741870549283971, 0.0, 0.006778621373471298, 8.470855150288938e-05, 0.0]
[0.006371279946281181, 0.004864690417086828, 0.009331000714520025, 0.1991688597283448, 0.07396141427048523, 0.007938395238335123, 0.002284889695137564, 0.5967203153642674, 0.0, 2.5730348073843124e-05, 0.09121179062535535, 0.008051013507050838, 7.062014506192871e-05]
[0.021080734979102622, 0.003957252830953372, 0.010268633594365372, 0.19439798634579789, 0.025923006967448946, 0.0026885625704746495, 0.026965827470512033, 0.7022427564222071, 0.0, 0.0, 0.012475238819137976, 0.0, 0.0]
[0.012752260169875327, 0.028956557196800948, 0.028323264760904715, 0.2121857726424655, 0.005181398168502688, 0.00514510468579493, 0.018261779141951432, 0.5221869368058437, 0.0, 2.2794633176207743e-05, 0.14768769406897744, 0.019196155198219985, 0.00010028252748720817]
[0.009228861839957143, 0.008702659846569103, 0.018315849506568782, 0.1683331545119656, 0.020655931548823066, 0.0027180406093914446, 0.023397152286471466, 0.5670877259516884, 0.0038142323623698788, 0.0, 0.15025473527843244, 0.02737719366614196, 0.00011446259162070341]
[0.04084597050149439, 0.005708229019015448, 0.01419903773303233, 0.2725544448825505, 0.026125761267799575, 0.00022672687137465552, 0.01505946948589007, 0.4611375494945647, 2.1014411114714756e-05, 0.0, 0.16095635146043613, 0.003056538904462619, 0.00010890596826483843]
[0.013377360692783355, 0.011169238558154757, 0.0036609832463559587, 0.25595195988237457, 0.011576340210168378, 0.007481264400976009, 0.006162708150404815, 0.6248252861947515, 0.0, 2.0636652519430565e-05, 0.05799984290407636, 0.007688096946710679, 8.628216072415711e-05]
[0.05154328035253767, 0.03191866035817824, 0.003166047548639507, 0.22417545462864985, 0.0055421180429493745, 0.006037407928512065, 0.017386391191881477, 0.5951626173121719, 0.0, 0.0, 0.06496887860987188, 0.0, 9.914402660798963e-05]
[0.020481926306370312, 0.03847648072466696, 0.0005905953921407044, 0.36926487196194935, 0.007296723241257571, 0.0003774996593280245, 0.01480907126917007, 0.5148401817732585, 1.870498723462329e-05, 0.003979310470900791, 0.02975589048423901, 0.00010874372948410328, 0.0]
[0.03617183714558219, 0.023572726488980077, 0.005534824059260129, 0.170782764276231, 0.002305343397385616, 0.025536947582650567, 0.0009530521953129826, 0.6785896346022544, 1.8684544610636823e-05, 1.8647886814901592e-05, 0.05645120542027612, 6.433240064150023e-05, 0.0]
[0.049965555003656584, 0.0323917589633008, 0.003146023465024085, 0.2684573895801418, 0.005547139186009619, 0.017968650179470927, 0.0003592867166650294, 0.6123427990069216, 0.0, 0.0, 0.009790726492290675, 3.067140651887225e-05, 0.0]
[0.020198085427364277, 0.016226758629654964, 0.005203788688590422, 0.16585166634853557, 0.001918378887397358, 0.005450410609201133, 0.022437570895119257, 0.7476936969852814, 0.0037079970274028, 0.0, 0.008663971135710049, 0.0024772253066296856, 0.0001704500591130473]
[0.04356360545834648, 0.032922061895578475, 0.0018538768997588613, 0.3942111900215131, 0.027067425143612565, 0.00436468237885811, 0.013368477900355055, 0.4461353636721103, 0.0, 0.003700835212862033, 0.03273639796658136, 6.536071647295483e-05, 1.0722733950748979e-05]
[0.06823625326413203, 0.007877148340436062, 0.01087765296800942, 0.23779661940137004, 0.008101677752263938, 0.0205114035472378, 0.011707284987002594, 0.5917118350445059, 0.0, 0.0, 0.04093247367662902, 0.002145036757722207, 0.00010261426069105803]
[0.026585564954738166, 0.011519532476628463, 0.0009005743444212778, 0.19514495970498932, 0.00791425840128298, 0.015413070268391917, 0.013910483827820865, 0.5963319018105097, 0.0, 0.007326726605438799, 0.10683815073601903, 0.00014236546615838314, 0.017972411403601143]
[0.08736270035986693, 0.014510013741382055, 0.0019463813484089888, 0.2529749085841145, 0.012908339837538219, 0.005257902248848848, 0.02056419566563022, 0.5850712180115463, 0.0, 0.0, 0.016409296151819318, 0.00287650509414096, 0.00011853895670386147]
[0.00818096800238943, 0.03129397665891776, 0.0032408902898956337, 0.38755725581699624, 0.026072390241078748, 0.00015357992012596252, 0.005263323153645663, 0.5338970865321003, 0.003607732053302874, 0.0, 0.0005994879419916061, 0.00013330938955577487, 0.0]
[0.08111266630602777, 0.0033196776396840467, 0.005497322463560936, 0.41361770881279114, 0.02105862488961269, 0.004512858024287587, 0.0031786047660806024, 0.4457933096668293, 0.0, 0.0, 0.004526749700714095, 0.0001716236756431851, 0.017210854054768743]
[0.04018165476342511, 0.07119347899596622, 0.01785219686546378, 0.24867442525966998, 0.009512325471425664, 0.013800683777370292, 0.003736276065066927, 0.5887269428118101, 0.003644550994433268, 0.0, 0.0019372131452085272, 0.0006624218024122024, 7.783004774801731e-05]
[0.11747227281707015, 0.03827173950535244, 0.00532932563411506, 0.1849802167903246, 0.01159487012276574, 0.021845138922493172, 0.012035923324425865, 0.5970021190985578, 0.0008632173452790156, 0.0, 0.003990485570112094, 0.0066146908695041955, 0.0]
[0.021973695250898873, 0.024765341324565114, 0.00814971282012353, 0.32618650954596384, 0.01538365040522208, 0.011733902437731628, 0.004496545534433839, 0.5798923388539798, 0.0, 0.0, 0.006360373426209723, 0.0009844431310438054, 7.348726982777399e-05]
[0.07896966170776787, 0.02443779250870535, 0.004224467092942179, 0.19606712380361271, 0.012424966544267606, 0.011654494240756182, 0.007423438068185382, 0.6559847817832815, 0.0, 0.0, 0.006136667325150542, 0.0026285566275989092, 4.805029773167745e-05]
[0.08663585670131091, 0.010184466003351132, 0.007293542689692816, 0.3135336349205812, 0.013014086241908631, 0.0134080221146243, 0.025264473928325325, 0.5222900870725458, 0.0, 0.0032042660093104885, 0.002747735863950666, 0.002373985110823619, 4.9843343575299555e-05]
[0.08657518842438437, 0.049240104959665784, 0.0012120602035720215, 0.1823196955254932, 0.010622060997349862, 0.00823623153636326, 0.011274942980504707, 0.6317761446289925, 0.0031543546662883377, 0.006366536065596335, 0.004469068916702759, 0.004561714382311634, 0.0001918967127752654]
[0.050307727809086336, 0.00803095710828187, 0.0029507231064750915, 0.30267346870507433, 0.013842122373049586, 0.010982079667294569, 0.005382067304545109, 0.5994615297534338, 0.0, 0.0, 0.003260341926510609, 0.003045498849192842, 6.348339705601121e-05]
[0.08543186656234122, 0.009135181196434979, 0.011285323727601207, 0.2896713188606373, 0.018377004103622127, 0.00828632474959544, 0.00681374749169091, 0.5613023876694833, 0.00199555218076696, 0.0, 0.005793962081070689, 0.0019073313767559183, 0.0]
[0.05362234249238853, 0.012416710663538416, 0.004927504612849352, 0.19642300843582466, 0.01036740477725545, 0.03110054846103283, 0.005740351004722024, 0.6580750697074912, 0.0, 0.0, 0.005385390036940456, 0.00311733060766319, 0.01882433920029392]
[0.12680451907277218, 0.03810498146904487, 0.007889439756338962, 0.15556144271302075, 0.01086260123248396, 0.007065609727044351, 0.007265940117620225, 0.6072342699678773, 0.0, 1.3935192916326905e-05, 0.001522273843714207, 0.0004348443687830679, 0.03724014253838379]
[0.06272683190445726, 0.031476910699113334, 0.014279234797257873, 0.29766214080521125, 0.017639611253575566, 0.015496084717354516, 0.014704107269022881, 0.5230615062597116, 0.0, 0.0, 0.00435687012075699, 6.856881219676285e-05, 0.01852813336134207]
[0.07209251355479043, 0.01535157199180888, 0.01651091153455671, 0.20127120570524268, 0.012549934047499928, 0.00914702281336532, 0.0066893342461437615, 0.658394881785928, 0.0, 0.002956708967729102, 0.003262467756758449, 0.0016441046368570408, 0.00012934295931964088]
[0.10038121658134255, 0.033442653361252676, 0.006827528601393125, 0.2434396488324098, 0.020822951432237696, 0.014584760370156645, 0.017560034294681528, 0.547932108048053, 0.0059173549203214255, 0.0013718801479247946, 0.006469331061903462, 0.0009766256401727914, 0.0002739067081506211]
[0.09628681418581558, 0.012786258392446556, 0.01083389927514193, 0.2798080242550413, 0.014642901326875669, 0.012473188330333989, 0.010234555684806346, 0.5550365282572906, 0.0, 0.0, 0.006650125816416336, 0.0011731703316354778, 7.453414419630346e-05]
[0.0814271452807803, 0.03896260212385667, 0.011269719521270479, 0.23266319181092684, 0.01380814898533951, 0.03337111413753309, 0.011043720666467348, 0.5576247621655823, 0.001893410780627924, 1.3252242968442001e-05, 0.007077296053902918, 0.007855214183220395, 0.0029904220475237596]
[0.09340287311364101, 0.02443356313418925, 0.00326005832108343, 0.1675795290528105, 0.010383622683377832, 0.013583221447335722, 0.012774457014987627, 0.6666465534506119, 0.0, 0.0, 0.003976396981285063, 0.003816966884421177, 0.00014275791625661534]
[0.031663046954173116, 0.002752980782381721, 0.006121417501584491, 0.35982674326655595, 0.011929899412885844, 0.01159116638370501, 0.017343367141965264, 0.5484967790751408, 0.003021178146403255, 0.0, 0.000872367938081822, 0.006367301139159384, 1.3752257963431769e-05]
[0.11920618071132764, 0.021181188757616425, 0.010676639738180812, 0.2520945338615145, 0.010083936042231062, 0.019607999419021676, 0.015958735065371425, 0.5335162889770806, 0.0030085504582632004, 0.0, 0.009726430077083723, 0.004815315683016223, 0.00012420120929272]
[0.10887292940670872, 0.010173228498703595, 0.00786330705944566, 0.12475736033776585, 0.007074684829544901, 0.028983534820219564, 0.00769313128191826, 0.6889223333052998, 0.004547342863376718, 0.0, 0.008145374555146172, 0.0029127736260309888, 5.399941583985998e-05]
[0.11690515530161309, 0.03193650866251464, 0.006795340357487421, 0.20157908363237254, 0.01222836972578188, 0.01797813147718901, 0.012633895012987159, 0.5877762487897404, 0.0, 0.0, 0.006894939377847892, 0.00257281645431721, 0.002699511208148735]
[0.1323601172781954, 0.03844801270323468, 0.013456532596141192, 0.19700448333743598, 0.019503279763723656, 0.03154287886584552, 0.00657580030770504, 0.5462055661565174, 0.0022514787179027393, 0.0, 0.006127144545523416, 0.006427335789996557, 9.736993777832127e-05]
[0.08773829952257535, 0.11883418441036243, 0.008386735772455321, 0.1699959293519676, 0.014525315133842653, 0.04287600270887428, 0.005842254058855684, 0.5388900771718761, 0.0, 0.0030630637545001954, 0.0032184612541733618, 0.006539877225971401, 8.979963454562858e-05]
[0.053600198627687744, 0.013704054834682861, 0.007424326018782226, 0.11766072476669077, 0.004095979790710174, 0.02412913103946517, 0.009449321801241386, 0.7509364386050862, 0.0014891607628719197, 0.0, 0.005425931276416103, 0.011113322695426123, 0.0009714097809393666]
[0.0739819438557077, 0.05224155095247352, 0.00829627137323744, 0.22915199077675388, 0.015348888263815119, 0.05002058498730885, 0.011860289524846489, 0.5281582963262296, 0.004215701623692573, 0.0, 0.008168813377293518, 0.01528640799992411, 0.003269260938717379]
[0.05054902690586871, 0.03993861378674009, 0.0033813912003455614, 0.2858704075774863, 0.006624194536580559, 0.02896350354182964, 0.010291009592994184, 0.5580051386351524, 0.003022734333359774, 0.0, 0.008186279305271372, 0.0032424924351081505, 0.00192520814926339]
[0.09855295663632138, 0.03818492731594776, 0.014200785864750851, 0.1273450345536081, 0.010100275988798504, 0.023492860786135914, 0.009684277398193235, 0.6636296552596075, 0.003011326547116851, 0.0, 0.0008832765853399729, 0.010807916679813383, 0.00010670638436657137]
[0.08886398104898444, 0.03211059459682469, 0.016690864566757713, 0.1422679761289597, 0.007474939113522508, 0.020845159377003226, 0.01442892272280408, 0.66689897124159, 0.0011740165653410916, 0.0014451277666340323, 0.003908297920744785, 0.0008611525357948722, 0.003029996415038869]
[0.10382986626971358, 0.05660245260009292, 0.014510817514067248, 0.28639870894537867, 0.011155730125976742, 0.04041312848252992, 0.0075787770113246835, 0.4611173757986914, 0.0, 0.0024360176569511336, 0.008069220279250765, 0.005265863713681323, 0.002622041602341609]
[0.08777667525964487, 0.042541705682918665, 0.00407789324095329, 0.25679949862562085, 0.017744730834101052, 0.0076441279919337865, 0.0048733220436087, 0.5711683582331498, 0.0030637675087817023, 0.0011836365053212363, 0.0012858160989074768, 0.0016860262600378341, 0.00015444171502082608]
[0.08512751692835743, 0.028957376027115452, 0.009454954248628711, 0.17153279325268875, 0.013286603770222862, 0.015419029470330208, 0.007842459211241125, 0.6260237905340937, 0.017453443827983726, 0.011213599820634098, 0.010513169193689609, 0.0030916781413736468, 8.358557364055722e-05]
[0.12602106033741778, 0.02503055776562779, 0.024629219356812018, 0.1217915448759977, 0.006530814033688111, 0.013338452805458131, 0.01236036568364757, 0.6222194447713428, 0.020926623350742923, 0.01924701324355082, 0.006346594629352306, 0.0013813831334391134, 0.00017692601292294057]
[0.07604454183144721, 0.04207359577467283, 0.00941494393537032, 0.10068909062926018, 0.004054483850415775, 0.011966981805656739, 0.006720283129002834, 0.6707277366914055, 0.06315183085168226, 0.00260890884007076, 0.005732381202737282, 0.00424188683090675, 0.0025733346273715068]
[0.07701283901545544, 0.013568991317219423, 0.012304191799847994, 0.1965890567826366, 0.0109076213975336, 0.020105090758689725, 0.012029609456248442, 0.5779642470229799, 0.04430922433352789, 0.020494161202767407, 0.004197792184616158, 0.01037755341229512, 0.00013962131618220142]
[0.11252901360095446, 0.043342681562782426, 0.021170030869468982, 0.35161210431748924, 0.00685661136143427, 0.034863150819302816, 0.011435751131317165, 0.3663133328699128, 0.009993543502731515, 0.03571844282005678, 0.004413781186452027, 0.0015629381652251092, 0.00018861779287253195]
[0.054128811906824253, 0.03408134727259103, 0.008018734098905038, 0.15795228523521865, 0.009225787320740577, 0.045657178363896274, 0.0033141263503642234, 0.539219439399785, 0.08774383090467833, 0.04403104969070231, 0.0029573436779622097, 0.007524147054564703, 0.00614591872376724]
[0.04142588959262212, 0.01792441975908324, 0.006555022096835008, 0.11301929885662686, 0.007287129712127248, 0.02308124804052984, 0.012948571688524804, 0.5777268719344014, 0.14676317510255574, 0.04065405129703466, 0.008981328552734012, 0.0031348344687211344, 0.0004981588982039483]
[0.044796280994943004, 0.02967401096863041, 0.006289096213099134, 0.19338545452851266, 0.008780257785548928, 0.02409504719310294, 0.003691966443546481, 0.5055753342552147, 0.07035134210970187, 0.09311332046744751, 0.011367011179821886, 0.008060367153070697, 0.0008205107073597457]
[0.07450082749716594, 0.02001266879493472, 0.008892770195592198, 0.13072910878267177, 0.013902030521913623, 0.008395877335905872, 0.014536736290962055, 0.5694367099241534, 0.07162817634530984, 0.08433950056533282, 0.0027198614479657266, 0.0008928675544960781, 1.2864743596023143e-05]
[0.06327606367557075, 0.02400666935470061, 0.010795569550363635, 0.235485733133114, 0.0071848048469543195, 0.023299501122637352, 0.007988386085607297, 0.5003707431765652, 0.03900624694547215, 0.08171875880089038, 0.005513680966403199, 0.0012830821949469484, 7.0760146774179e-05]
[0.061134257833211775, 0.0171287113627881, 0.014027606697159765, 0.14486495519815926, 0.006293710557362082, 0.017554798049828936, 0.008106686674632919, 0.5820160013599927, 0.060322926267907105, 0.07580622761506936, 0.005544919430976402, 0.006787564179513215, 0.000411634773398533]
[0.06892475668185877, 0.014945815284416417, 0.03281012004465187, 0.2555607216377901, 0.019514227604617455, 0.021039880020963825, 0.013396990081021135, 0.4187621159429818, 0.07397053959961099, 0.06855629149529599, 0.004246764003114816, 0.00820260641467337, 6.91711890034979e-05]
[0.0729113691141874, 0.014394140480977369, 0.013096882560830827, 0.15198873419655992, 0.00914118583631153, 0.013112917074111854, 0.010504215881251314, 0.540271353003328, 0.10583659932858196, 0.05857540056286259, 0.0024473532696398315, 0.007543982596232404, 0.000175866095125042]
[0.041734580835368844, 0.0099824157761966, 0.007553472580315999, 0.14963859633988524, 0.009922699808200541, 0.050802781042699204, 0.026026601692346777, 0.5571232694635531, 0.04674960612589136, 0.08357971020696202, 0.006921971383960583, 0.009686930630860187, 0.00027736411375970646]
[0.050040580542120384, 0.007542069863350714, 0.006867361504612373, 0.07423116771844925, 0.007565822267332068, 0.013886788692669308, 0.00757057971870123, 0.6532169658855804, 0.0902362096500082, 0.07899173887406354, 0.002437710032452274, 0.007351066318628241, 6.193893203198833e-05]
[0.06419729337013212, 0.009019014723257985, 0.047694268178859474, 0.12959141632703902, 0.0071672529307556816, 0.039254623537740965, 0.010046777888400013, 0.5370986434643128, 0.048742149944094613, 0.09005885951778661, 0.0020552511715781338, 0.014928947889098158, 0.000145501056944429]
[0.06874433966256391, 0.016134762541296352, 0.01259249754312044, 0.07743211882380409, 0.0035154947681915816, 0.03634839347550045, 0.02547159906392073, 0.5743329075547237, 0.060563041365020054, 0.11665315866284068, 0.0020584514576224887, 0.005991786820924254, 0.00016144826047119538]
[0.0501796924394604, 0.012990658587622063, 0.015211477273976157, 0.08863977578470282, 0.009616886797804793, 0.0401912357158402, 0.015126709778228173, 0.5823512287675906, 0.07396269439574754, 0.10201103177643796, 0.0033970986324874204, 0.005957224054840793, 0.00036428599526107744]
[0.04375544728476134, 0.004478324770665712, 0.04908224736325752, 0.08740334754089718, 0.0037879232840553035, 0.06333397406242539, 0.012018861730522067, 0.5447661768636028, 0.08413389338576265, 0.10015439631815155, 0.0030795949379492436, 0.0036523235573807295, 0.00035348890056844626]
[0.05725640121401434, 0.02182948586298505, 0.012830187029795843, 0.09085643261039533, 0.0033081075593742724, 0.03266429765480584, 0.004574212898175313, 0.5652099760737175, 0.11882857813216954, 0.07989450203064254, 0.010202590155351469, 0.00219950561323944, 0.00034572316533359695]
[0.08181720635327101, 0.014864127391708183, 0.0185872850343398, 0.06946773019054309, 0.013256200372372486, 0.06390948281492533, 0.02632805612900142, 0.5134364262577935, 0.1399647236179045, 0.044307508738999364, 0.0023320974520371794, 0.0070310133823848, 0.004698142264719381]
[0.059650840120223855, 0.015306614408351623, 0.01953044121258325, 0.07830028636229999, 0.012245797093985605, 0.031176803305601734, 0.01529063620294742, 0.5922320467791568, 0.031190709702528335, 0.13903818004731489, 0.001547647497908096, 0.004334719362789884, 0.00015527790430852723]
[0.041117653628093345, 0.020173303141146695, 0.017395193997481382, 0.06004708112616301, 0.004023605855314882, 0.042245323354136076, 0.017455016465904853, 0.6164066249125241, 0.09793022078194438, 0.07592238764273436, 0.0032166227808584718, 0.003453429519939427, 0.0006135367937591107]
[0.04672114896506354, 0.007227381078064931, 0.00975370897802499, 0.05149151766034675, 0.005098148317356308, 0.033729751650261645, 0.01573447174237852, 0.6410195751104214, 0.08894429939787131, 0.08613384075433349, 0.002512242172622081, 0.011501696693510423, 0.00013221747974462454]
[0.05297291100071698, 0.006187089753353672, 0.005395948107314159, 0.019934377563755462, 0.00574550421340287, 0.021809135783658503, 0.010142992762183565, 0.7001983045819098, 0.09913692210442397, 0.06930401214974, 0.002912653053814171, 0.006089261136590276, 0.0001708877891367128]
[0.03865377693141876, 0.00805270599213518, 0.010453358819484837, 0.018755493316973616, 0.0062492316155550376, 0.06135453461945126, 0.014722851882974886, 0.6664652655724304, 0.07276841076186882, 0.09332393117862983, 0.0029856360218048477, 0.005893396187565207, 0.0003214070997073997]
[0.0391509298384974, 0.0105373897118788, 0.00967975630207549, 0.05778320522947517, 0.0028966541071649633, 0.034068540999690054, 0.016716217883214205, 0.6193508243338475, 0.14958174733936797, 0.052744182749157556, 0.0038510065985756397, 0.003563191877798693, 7.635302925670285e-05]
[0.04282666806478274, 0.012456945439830542, 0.008591862408148156, 0.030616130233616066, 0.009281214927707204, 0.05216997556871908, 0.01377599865757157, 0.6397556700758976, 0.1092273833424038, 0.07259804050424196, 0.006223246001707828, 0.00225878015402753, 0.00021808462134601694]
[0.05376340072461025, 0.012094685009050685, 0.0031209069936914114, 0.026948145812710093, 0.004374531186319061, 0.01805848857959824, 0.017541298004702822, 0.7130290688809627, 0.047893573974746716, 0.09702664451827278, 0.0017124271587895168, 0.0036273539258322696, 0.0008094752307135126]
[0.08217249613695207, 0.01038167809079524, 0.008727490558560824, 0.04721225387061738, 0.005815593636782814, 0.026252553013762826, 0.02802551420513738, 0.6175801510771721, 0.07201263014390916, 0.09754917471239025, 0.002424575819670244, 0.0016187066883023439, 0.00022718204594743144]
[0.0533776019018319, 0.005214773703962115, 0.01191799294498857, 0.027231354407030416, 0.009390471913342358, 0.028440553246413557, 0.012741903804297128, 0.6655912494216987, 0.08531691433324488, 0.09295602954927865, 0.0017636205229837807, 0.0059252711103453546, 0.00013226314058276345]
[0.052760408726988395, 0.030142106989688534, 0.013295941413622104, 0.03989941690270292, 0.01500776392124065, 0.0728398608081559, 0.009416299818823488, 0.5716451453831761, 0.1011363739478752, 0.075400171457733, 0.006962760435052643, 0.011434778396946406, 5.897179799456794e-05]
[0.06071872798098744, 0.011311563407622297, 0.01780249799224301, 0.05865760956676437, 0.011552104893595956, 0.07901264526388863, 0.007587912162627833, 0.5283227595641937, 0.11922352969371125, 0.08932812946011214, 0.0016531930445775193, 0.0031843015903585533, 0.011645025379317444]
[0.06470255204956146, 0.01097523184096273, 0.017306865889693192, 0.05670485386555159, 0.007919172688336197, 0.042535003221091904, 0.030994906706453773, 0.5743909037090295, 0.11670259838473354, 0.0746658768380663, 0.00017458785832378073, 0.0024292326422600554, 0.0004982143059360374]
[0.11068069426186689, 0.01951286780319778, 0.009621115097345976, 0.03589566921668345, 0.00781353244955495, 0.03977708919279015, 0.010744309185252729, 0.5833278753704597, 0.059807856601059084, 0.11535288409594764, 0.004983125342425669, 0.0023220784979871545, 0.00016090288542875203]
[0.05606115603532965, 0.019179544906253516, 0.01924048050712129, 0.053221629139823735, 0.014099291812185824, 0.058959281599156796, 0.006923332912686198, 0.5453484710472917, 0.14237121328436927, 0.06716523803954101, 0.002009247929105577, 0.006106299058806059, 0.009314813728329532]
[0.05283297109170022, 0.01095294580699065, 0.007497264099469207, 0.04057179201062781, 0.010780781259442934, 0.07233708991196411, 0.01824729229744362, 0.5747323413203806, 0.1323052746709231, 0.07438540859206222, 0.0022040653184058558, 0.0028009767685958638, 0.0003517968519938155]
[0.05332617227432128, 0.012652443521703121, 0.018214027597990904, 0.08214615625861206, 0.01231234909296332, 0.08810913910766063, 0.01082837489309326, 0.4448075238333544, 0.16126206265096332, 0.11077747679326115, 0.00225709444521344, 0.0030742894641251186, 0.00023289006673798658]
[0.05758975468520248, 0.017263724792581814, 0.010701232675869282, 0.03523938465236725, 0.012174508608571565, 0.050127886832298865, 0.018975171684117893, 0.5728204480453554, 0.1146826805675023, 0.09958212995007436, 0.007636469915433643, 0.0030892358755556437, 0.000117371715069491]
[0.05385697480635652, 0.012590985570897285, 0.008500134669322363, 0.03591014800373873, 0.009552788908674097, 0.018017098387147927, 0.010428414388349832, 0.6344995911612729, 0.12830027585356543, 0.08112692872541569, 0.005850348357360766, 0.0013059595923792977, 6.035157551915699e-05]
[0.04066432775779529, 0.011415664173584278, 0.02271097526289131, 0.03577586287941605, 0.01569139640655845, 0.05142737859473969, 0.006355838005501649, 0.5622219467005588, 0.13082519744725893, 0.10990923758793118, 0.009913216738045141, 0.002764113510506169, 0.00032484493521323115]
[0.04086397688487812, 0.018178473544701056, 0.021520923215389058, 0.03570308833263885, 0.011009918035633108, 0.027220581201191585, 0.01128249001223528, 0.593290351914569, 0.18420299537926824, 0.047049260989829304, 0.003942816495910854, 0.005139742142197404, 0.0005953818515581081]
[0.05822598410327836, 0.017348704779842475, 0.018958846463905988, 0.06501765718920581, 0.008656569139019372, 0.04215107977333672, 0.012576847807646827, 0.5662055699100504, 0.09525536211525912, 0.11053812014259834, 0.0037553011255455847, 0.0010931454570340014, 0.0002168119932769736]
[0.04330534690964546, 0.012178827665345717, 0.03536235975208714, 0.03567617840046589, 0.010638284944860223, 0.031828561953699076, 0.005107553100928376, 0.5962095885742311, 0.12663287547960284, 0.09707546178606904, 0.0009941009654524308, 0.004887705355800285, 0.00010315511181250572]
[0.05048285780489794, 0.016664268136797285, 0.03020846580083784, 0.09160022486963705, 0.011670962317497808, 0.05345868693075475, 0.013167019780191974, 0.5132870609180242, 0.1232588311935865, 0.0927571780654938, 0.001160882098646894, 0.0021362389977611835, 0.00014732308587281034]
[0.03822922851249107, 0.01341529450437527, 0.016937316834193132, 0.028300426242712288, 0.011587993866628902, 0.08203677434701931, 0.012294469552838066, 0.6110675347661897, 0.09588999175596007, 0.07639202967997513, 0.006717481503932454, 0.007068637373640124, 6.282106004450972e-05]
[0.070938993191035, 0.021103848715154076, 0.026413933481131645, 0.05216884043428087, 0.008016444442944802, 0.032532131233059015, 0.007603498989139215, 0.612635686954358, 0.13571730869624724, 0.028220588908133244, 0.0005373072214661857, 0.004075880769698358, 3.553696335241014e-05]
[0.04375082327095588, 0.013413748884518514, 0.023698711657438393, 0.03709055865246717, 0.008952377199835732, 0.050106633178474205, 0.012370050969326248, 0.5971748487527612, 0.196226821682058, 0.01204883715128409, 0.00026603344889521136, 0.004479790676558616, 0.0004207644754268002]
[0.05552298930616887, 0.019176223886792396, 0.023451467109918172, 0.054828873964854155, 0.009934525988124502, 0.06847607315472073, 0.018003355215459114, 0.48186822977036625, 0.19965463856288243, 0.057686195051793274, 0.0002528695586741737, 0.011135354018119707, 9.204412126200151e-06]
[0.06923680143517473, 0.021995758619740298, 0.02220549824781425, 0.04181128781452943, 0.014072670588124916, 0.045785287140021856, 0.006977712119061871, 0.561347159474222, 0.151392443478422, 0.0605409062113582, 0.001697678597583717, 0.0026626577723535797, 0.00027413850159306976]
[0.07890440170653211, 0.021059632223815652, 0.026465646711587493, 0.044193487839831506, 0.009175512804326904, 0.05116892944920485, 0.009855631656419294, 0.5484593588125853, 0.05330525702166024, 0.1483509489989314, 0.00031965365203577, 0.003386091330867265, 0.005355447792202253]
[0.056400898829136376, 0.012656394376667796, 0.028694244470387563, 0.031420756026337655, 0.014323657367266672, 0.03904202139202501, 0.0062924525437184015, 0.5432835338854404, 0.16427205771128636, 0.0987606086060932, 0.0008735161543926811, 0.0038727063790376906, 0.00010715225821013132]
[0.05679764126253063, 0.024397636644846437, 0.023000257719554617, 0.03651935195153561, 0.012776519104309297, 0.05562307035424975, 0.01395898738540624, 0.5442542090496038, 0.05996124349095777, 0.1625999764580755, 6.229129245455221e-05, 0.004588305714207286, 0.005460509572268551]
[0.05139145963388196, 0.023127313838697827, 0.026884102564842294, 0.046163397533274725, 0.016404866620858778, 0.049157359241078655, 0.015220233572491512, 0.5616088884317758, 0.1265505598792555, 0.069595671729104, 0.003723787105469304, 0.004740323309346197, 0.005432036539923445]
