
136672,234.13699999999997  
10922,2925.023333333333  
50814,630.552  
3422,9303.369666666666  
2698,11700.620333333332  
117398,273.0006666666667  
505,62950.149333333335  
4501,7085.552  
10274,3109.8556666666664  
59509,537.628  
9825,3256.14  
505,62937.40466666667  
766,41581.473000000005  
762,41850.03933333333  
144056,222.12266666666665  
36739,870.5783333333333  
159465,200.716  
177048,180.71666666666667  
719,43225.82833333334  
166615,192.05066666666667  
119772,267.1326666666667  
168736,189.615  
136344,234.80100000000002  
187054,171.07766666666666  
188023,170.167  
133080,240.3983333333333  
95404,335.3436666666667  
147618,216.73  
178454,179.30100000000002  
182976,174.86366666666666  
172674,185.302  
84939,377.387  
179184,178.585  
171218,186.86299999999997  
4032,7907.835  
10910,2924.7810000000004  
187203,170.91366666666667  
180670,177.09166666666667  
173926,183.95266666666666  
169979,188.22033333333331  
179731,178.01800000000003  
187048,171.048  
171996,186.04600000000002  
190644,167.83766666666665  
188872,169.4  
170305,187.86  
185856,172.1543333333333  
190251,168.17366666666666  
168624,189.744  
162906,196.407  
105510,303.2846666666667  
180736,177.028  
186698,171.37166666666667  
185135,172.83833333333334  
179082,178.65933333333336  
168866,189.4706666666667  
188245,169.959  
187383,170.74533333333332  
182848,174.98000000000002  
190467,167.98233333333334  
184073,173.81466666666665  
157619,203.07566666666665  
187357,170.77033333333335  
171683,186.352  
192486,166.22533333333334  
171036,187.0596666666667  
190102,168.30033333333333  
190320,168.11233333333334  
190773,167.71266666666668  
193859,165.04366666666667  
193376,165.45766666666665  
190500,167.94966666666667  
190454,167.99233333333333  
3293,9677.608  
187812,170.36066666666667  
6607,4842.120333333333  
190030,168.36766666666668  
169935,188.266  
19757,1618.5376666666668  
191434,167.13500000000002  
193000,165.78266666666664  
190024,168.39  
190161,168.25400000000002  
47008,680.673  
189037,169.24733333333333  
438,72005.23466666667  
186856,171.22266666666667  
80766,396.09833333333336  
191541,167.038  
186331,171.72299999999998  
192048,166.6003333333333  
168957,189.36833333333334  
188068,170.138  
188463,169.79733333333334  
185595,172.38700000000003  
193079,165.69766666666666  
175000,184.91533333333336  
173624,184.2793333333333  
60405,530.2099999999999  
141797,228.303  
129148,247.73566666666667  
123650,258.97066666666666  
115850,276.18266666666665  
89699,356.7253333333333  
114624,279.13599999999997  
131545,243.22366666666665  
122711,260.72633333333334  
114924,278.38433333333336  
479,65750.56933333333  
127193,251.53599999999997  
123857,258.33233333333334  
128473,249.03833333333333  
129274,247.49300000000002  
128008,249.93566666666666  
127265,251.40900000000002  
124663,256.65233333333333  
127648,250.64666666666668  
104560,306.042  
121349,263.7576666666667  
101886,314.0796666666667  
119261,268.36366666666663  
128685,248.62366666666665  
25883,1235.658666666667  
1843,17054.880666666668  
122771,260.615  
130591,245.09800000000004  
62449,512.2576666666666  
125930,254.06433333333334  
12722,2511.2309999999998  
132384,241.70033333333333  
128831,248.43633333333332  
123195,259.7176666666667  
130761,244.6786666666667  
119412,267.9676666666667  
121447,263.4586666666667  
84218,381.0  
107786,296.8233333333333  
111364,287.3346666666667  
2047,15632.413333333332  
131525,243.43666666666664  
122863,260.50766666666664  
127879,250.2313333333333  
129051,247.963  
5906,5400.098999999999  
19437,1644.33  
110601,289.283  
115830,276.326  
494,63936.967000000004  
126707,252.56133333333332  
131485,243.322  
105788,302.423  
92855,344.807  
132308,241.859  
2128,14932.062333333333  
129341,247.361  
125929,254.05533333333335  
118584,269.786  
128130,249.70866666666666  
128071,249.81066666666666  
87782,364.4356666666667  
106853,299.43233333333336  
129903,246.295  
19331,1654.1509999999998  
7858,4079.904  
114134,280.335  
19506,1639.1723333333332  
127980,250.00966666666667  
113747,281.27933333333334  
105136,304.3056666666667  
130738,244.721  
106350,301.05966666666666  
106552,300.2703333333333  
109903,291.10100000000006  
108492,294.89466666666664  
119931,266.774  
109275,292.79466666666667  
123562,258.948  
109686,291.6736666666667  
107595,297.367  
46766,683.0146666666666  
131662,243.17066666666665  
128497,249.06633333333332  
131346,243.61266666666666  
112100,285.4246666666666  
109081,293.30199999999996  
103266,309.82599999999996  
129230,247.66533333333334  
6267,5099.005666666667  
127196,251.56000000000003  
112555,284.2906666666667  
129555,246.952  
128303,249.396  
127482,250.98033333333333  
110793,288.765  
104347,306.603  
110928,288.422  
128227,249.50900000000001  
123332,259.421  
127204,251.73199999999997  
126798,252.35666666666668  
1056,29700.17733333333  
128869,248.27066666666667  
125622,254.68166666666664  
123966,258.08733333333333  
125360,255.21033333333332  
110110,290.5686666666667  
131974,242.43733333333333  
4918,6478.475666666666  
80588,396.904  
125897,254.12766666666664  
128017,249.9766666666667  
121016,264.38  
129873,246.35433333333333  
129522,247.01500000000001  
34582,924.8526666666667  
118144,270.80566666666664  
126577,252.76466666666667  
115338,277.3963333333333  
123778,258.4753333333333  
128479,249.018  
34599,924.2296666666666  
125955,254.07366666666667  
98238,325.69233333333335  
131450,243.457  
131236,244.12866666666665  
13963,2290.9206666666664  
129081,247.89933333333332  
106128,301.49766666666665  
110798,288.885  
127261,251.40066666666667  
131803,242.81566666666666  
127951,250.0566666666667  
118163,270.75600000000003  
131569,243.345  
114670,279.0126666666667  
120400,265.772  
126184,253.55933333333334  
136338,234.78366666666668  
129079,247.88  
105793,302.44666666666666  
93424,342.44866666666667  
122308,261.578  
125319,255.29366666666667  
118538,269.9483333333333  
126377,253.16866666666667  
120133,266.3136666666667  
128395,249.20766666666668  
127692,250.57466666666667  
134456,237.98533333333333  
126789,252.45866666666666  
3945,8078.990666666666  
125312,255.34766666666667  
123948,258.15200000000004  
115836,276.2876666666666  
129843,246.40766666666664  
129094,247.85066666666663  
51219,624.7996666666667  
119105,268.61733333333336  
122217,261.8  
128418,249.15866666666668  
129397,247.29433333333336  
105421,303.48599999999993  
131823,242.726  
115033,278.1236666666666  
132677,241.21900000000002  
125602,254.8126666666667  
126359,253.205  
126711,252.465  
112070,285.51899999999995  
121001,264.426  
123704,258.63500000000005  
113248,282.59566666666666  
125491,254.961  
125796,254.32666666666668  
126980,251.99066666666667  
98168,325.92633333333333  
120888,264.65066666666667  
128590,248.83  
132896,240.78866666666667  
127266,251.3996666666667  
21026,1521.4833333333333  
105012,304.6673333333333  
10490,3044.901  
105319,303.80899999999997  
127994,249.9623333333333  
129449,247.15733333333333  
129370,247.2993333333333  
126480,252.95566666666664  
107887,296.541  
119059,268.718  
125824,254.30466666666666  
111952,285.84133333333335  
113883,281.01366666666667  
115193,277.85999999999996  
127287,251.34799999999998  
127695,250.52033333333335  
127074,251.77166666666668  
125254,255.431  
124809,256.3706666666667  
72534,441.16766666666666  
128879,248.25300000000001  
128059,249.8563333333333  
125251,255.43366666666665  
127706,250.63199999999998  
2040,17292.842333333334  
125681,254.615  
126770,252.504  
112498,284.417  
129260,247.50733333333332  
127196,251.57066666666665  
128267,249.43200000000002  
128167,249.631  
128643,248.64200000000002  
130519,245.1903333333333  
123499,259.0566666666667  
132302,242.02433333333332  
131181,244.019  
125176,255.59633333333332  
127150,251.626  
105384,303.6456666666667  
128356,249.26133333333334  
124195,257.60266666666666  
126338,253.282  
1710,18625.692666666666  
126671,252.57833333333335  
126248,253.42966666666666  
126616,252.692  
125801,254.31933333333333  
130660,244.89233333333334  
126562,252.83400000000003  
71745,445.882  
127450,251.06566666666666  
125600,254.77800000000002  
130002,246.12933333333334  
130017,246.06633333333335  
52818,605.6036666666666  
125248,255.44633333333334  
107834,296.68666666666667  
106260,301.0933333333333  
127950,250.04533333333333  
127381,251.17166666666665  
125321,255.29899999999998  
111259,287.56666666666666  
128328,249.31533333333334  
108463,294.98466666666667  
125971,253.99300000000002  
2087,15212.458  
124924,256.1066666666667  
125582,254.76566666666668  
109145,293.1356666666666  
126089,253.76066666666665  
119106,268.60366666666664  
126681,252.5426666666667  
127845,250.25666666666666  
127839,250.2686666666667  
127427,251.07166666666663  
126119,253.69499999999996  
129593,246.96733333333336  
127997,249.95899999999997  
114014,280.63533333333334  
125513,254.90599999999998  
129520,247.04333333333332  
130844,244.51699999999997  
129308,247.41466666666668  
129096,247.82566666666665  
128402,249.17033333333333  
743,41822.74066666667  
127917,250.13766666666666  
125407,255.11633333333336  
127234,251.48600000000002  
126287,253.34733333333335  
121941,262.3823333333333  
11709,2726.1803333333332  
132793,241.114  
124060,257.88100000000003  
98369,325.28299999999996  
744,42065.14866666667  
5727,5558.981666666667  
128172,249.67366666666666  
107768,296.866  
128092,249.84500000000003  
123339,259.41166666666663  
107966,296.34066666666666  
127802,250.33400000000003  
100135,319.498  
129834,246.53366666666668  
127747,250.45366666666666  
126404,253.10733333333334  
127495,250.94066666666666  
127405,251.13466666666667  
133862,238.99699999999999  
129960,246.25066666666666  
10701,2987.099666666667  
126139,253.673  
127809,250.37800000000001  
127882,250.1916666666667  
128098,249.76733333333334  
130718,244.77700000000002  
703,45286.25666666666  
127423,251.13466666666667  
109351,292.5816666666667  
129547,246.96866666666668  
122650,260.8933333333333  
121037,264.32733333333334  
[0.011109864690219398, 0.022941317770656014, 0.0006113636613044452, 0.3364959614792069, 0.06324787334091245, 0.03541372694551574, 0.0, 0.21226202392102206, 0.15722917050766383, 0.14319116264411544, 0.01713103433980965, 0.00028466681576058613, 8.183388381350322e-05]
[0.00031272778234702565, 0.027730530308398532, 0.0005031013263828283, 0.3060382838983692, 0.022187981526203417, 0.04883813067345476, 2.2655042991781707e-05, 0.2870498283847847, 0.10678024613491297, 0.2002291628918221, 0.00021407070861166437, 2.1875510771697676e-05, 7.140581094944834e-05]
[0.004100111113048797, 0.00748363269060789, 0.00017382945755367831, 0.4419850506050807, 0.05994504168351975, 0.028953965749148398, 0.0, 0.20795557791470448, 0.14836458206026498, 0.09132886940477795, 0.009604444679316378, 5.7831109255417026e-05, 4.706353272158717e-05]
[0.023221943608687602, 0.017054448802474916, 0.0005298203174421847, 0.46165281252607016, 0.07733770428571492, 0.08050442945760473, 1.9775303655359022e-05, 0.12187622232157405, 0.06842844013429769, 0.10575596874283591, 0.04359495519600687, 2.3479303635679686e-05, 0.0]
[0.04856904937109136, 0.040523653947948796, 0.00016636179554049062, 0.45397669161430054, 0.06092635990169446, 0.031758931986856614, 0.0, 0.21390971442942242, 0.0005075585048425272, 0.1397956508601194, 0.00425840569899002, 0.005594559046807564, 1.3062842385787205e-05]
[0.014394842155632892, 0.018031596468206536, 0.0, 0.11301471353550266, 0.017468352297047168, 0.03011340258404413, 0.02585554428131217, 0.344488124057227, 0.14729412198036237, 0.2810641409633464, 0.008226441977544829, 1.797943711142808e-05, 3.074026266242239e-05]
[0.04123161299336373, 0.017844342802103126, 0.0, 0.06611863259169169, 0.00026829173338732714, 0.02950018375286269, 0.0021112322710520343, 0.4002418025671656, 0.19042720004844324, 0.2476184766230029, 0.004543200733610458, 6.946281903159101e-05, 2.5561064285509778e-05]
[0.0252143670973784, 0.02455498649734328, 9.980656295582839e-06, 0.1189913211279803, 0.0006171188963421522, 0.09866383950678362, 0.0, 0.3480882758113902, 0.2047755204591395, 0.17601680026527958, 0.00016841288911147365, 0.002868433694373148, 3.094309858290898e-05]
[0.03942065029215325, 0.02175690096037604, 0.0, 0.10416066597999456, 0.00014778269915890411, 0.06303514489871437, 0.0010363155462299776, 0.4849639824256443, 0.10479849740673607, 0.18015600339896362, 0.0003679027673684211, 0.00011782550134220301, 3.8328123318356614e-05]
[0.010639695577189238, 0.025159655107507256, 0.0, 0.04476683561624056, 0.0003516455856760081, 0.07350665720493073, 0.0, 0.48356588058007566, 0.13156282871704944, 0.225912764368167, 0.004509419863028213, 1.2402518682818681e-05, 1.2214861453111597e-05]
[0.0023384953361940456, 0.0523661910790365, 7.822571946161932e-06, 0.12768547853090903, 0.0014842218298145278, 0.03217513952693292, 0.0, 0.3639723683334406, 0.10113167644595311, 0.28881219632549315, 0.014640664312262667, 1.5578487811534316e-05, 0.015370167220205727]
[0.01706137669060487, 0.035794632440358375, 0.007604380131608059, 0.10736002686120252, 5.6943641315276004e-05, 0.04721395472407885, 0.0, 0.4145328555802668, 0.20516079512362212, 0.15366036950845058, 0.011520846138359197, 2.587836744415509e-05, 7.940792689254875e-06]
[0.010858205418816092, 0.029518683825966695, 4.013904618629696e-08, 0.037553786311134846, 0.002643500272253591, 0.0013047714794559506, 5.7384220695962226e-06, 0.4990152493954664, 0.278955682768034, 0.1318294458794326, 0.008279189049251956, 1.56322189103641e-05, 2.0074820161732912e-05]
[0.012798539783192254, 0.07940835667938886, 0.0, 0.08928535297075049, 0.010932044102181987, 0.0, 0.001132460651897395, 0.37750132628413596, 0.3321561826709393, 0.08879212596416605, 0.007365623801699655, 0.0006133798794454546, 1.4607212202538433e-05]
[0.013485745663477539, 0.055517816979132426, 0.0012807185663401015, 0.09882678554160197, 0.015262953469223267, 0.03771678421553163, 0.0, 0.41711903376368953, 0.11053661847927473, 0.24513862746480003, 0.005095088489507132, 1.9827367421574792e-05, 0.0]
[0.011465903697512285, 0.057034291995562425, 0.00540300499135665, 0.024081885841746774, 0.018818340621882486, 0.013646778226731184, 0.0, 0.45311281959222033, 0.28756369608769555, 0.12457216612130839, 0.0037222354371471856, 0.0005673488364998649, 1.1528550336757831e-05]
[0.021049140098558995, 0.03981458095150047, 0.003386072223015251, 0.06817497102172214, 0.00735365996333968, 0.0, 0.0, 0.5102084477624665, 0.22344274355458751, 0.12142279891510717, 0.0017212161153720782, 1.1778981630942596e-05, 0.003414590412699268]
[0.01548591313518849, 0.04523242460055324, 0.005756662948439467, 0.07889258185118203, 0.0033285384769788534, 0.011357157119918295, 0.0, 0.4626463016536504, 0.11771953923165909, 0.21741030270313474, 0.0036705211680983533, 6.121617335717175e-05, 0.03843884093783992]
[0.009708988450820724, 0.021784966746963758, 0.00189962168274008, 0.09252741482169899, 0.0020722647013648584, 0.0, 6.122269913381633e-06, 0.48329868514597685, 0.20142142917346076, 0.17079228030455337, 0.0035885134580916694, 0.0004199812768806304, 0.012479731967534977]
[0.009164605747113651, 0.06464755776545164, 0.003680823584055526, 0.09353609023705205, 0.02690729530942418, 0.00947438825412698, 5.0920777244400656e-05, 0.4680499142789719, 0.21572365652611994, 0.09261653812312828, 0.0028698820238210803, 0.013270868915730247, 7.458457760197075e-06]
[0.013455243179489202, 0.05920429838210706, 0.0008092078687886781, 0.07257076215770872, 0.02432108243066744, 1.043744930924702e-05, 0.002236685994192283, 0.43904023934273984, 0.22314590649051866, 0.16176156225809826, 0.003044409160840097, 0.0003897631001141498, 1.0402185426521432e-05]
[0.013416418507361364, 0.0452938344456532, 0.0011201901635799322, 0.10738933625806875, 0.039078271009608354, 0.014119480039575841, 0.001145832098114915, 0.3155276155605336, 0.17477730918866136, 0.2823336280730827, 0.004471750064061201, 0.0013263345916987546, 0.0]
[0.00845891451584652, 0.027347206939961267, 0.02416842919918745, 0.0831541147199659, 0.007782478968394593, 0.0001225156788192555, 0.00700731031774464, 0.4962507484449126, 0.23613069244581578, 0.10571575207405685, 0.0035038772970196557, 0.0003225872764241751, 3.53721218513237e-05]
[0.022025757980822618, 0.043643778207760636, 0.03387955206676414, 0.09829269091942189, 0.001499213656170775, 0.007410973883834972, 9.494874922997018e-05, 0.3688457751342116, 0.18386563248788196, 0.23652991767259968, 0.0021123741326162437, 4.263612982050681e-05, 0.0017567489788649921]
[0.011320142880092827, 0.02417394382994404, 0.04440389616707964, 0.09525225332534051, 0.0005605637992263942, 0.005008295323818933, 0.00028530266308317504, 0.4951408475835902, 0.20039742344603254, 0.1193539017936048, 0.004097074471781901, 0.0, 6.354716405074721e-06]
[0.03432060868458474, 0.035452747779672694, 0.005687192714330477, 0.043557433041930556, 0.0033414692506557636, 0.004453724053994603, 0.00011348694458607004, 0.6096044161665319, 0.2052683305829788, 0.05152187021468256, 0.001464908403761627, 0.003910702326641559, 0.0013031098356487698]
[0.010194520524323894, 0.11500033077437219, 0.01703474514845741, 0.06590457258830913, 0.0037992147793128594, 0.010413986320927415, 8.367335154630122e-05, 0.5045707514160498, 0.16835282097283114, 0.1028073972837775, 0.0008536041675145176, 0.000926612894916783, 5.776977766123194e-05]
[0.007722626341275178, 0.07693667013580134, 0.016288720735647196, 0.05020037922520502, 0.0031669933622082854, 0.0006128376664472361, 0.0001292472262312838, 0.6082674396968198, 0.1473461213780197, 0.08794221679011495, 0.0006237531846751605, 7.617104639126435e-05, 0.0006868232111635189]
[0.023063247788877014, 0.0728778622397752, 0.011403946759907881, 0.030125781716501897, 0.0008372260522889975, 0.014703671512089988, 0.00013799194722965063, 0.4363830656957302, 0.27553306111628706, 0.12972681852327522, 0.0027640303036136097, 7.291736448172744e-05, 0.0023703789799415084]
[0.0200183691835784, 0.026048967516428177, 0.012688638354851785, 0.05865394587273981, 0.002596781350055646, 0.014875624433940665, 9.886650284665079e-05, 0.5941498784802759, 0.11749295753241776, 0.14913227155663025, 0.004160514296529877, 0.0, 8.318491970504629e-05]
[0.006660651638693322, 0.0762765593326496, 0.010997355484483776, 0.027838203804739677, 0.006065584506812221, 0.013828773071214476, 0.007563009383269594, 0.5544657129983459, 0.1931475930676178, 0.0998395840405589, 0.002240155319673737, 0.0010693321830701555, 7.485168870860036e-06]
[0.012520124063415562, 0.05929655811436535, 0.004911978519792411, 0.03052132917860309, 0.0037552074961593684, 0.0018805257315305476, 4.437720300415911e-05, 0.7045973441720117, 0.11416500047724547, 0.06629023516243367, 0.0019224557577079409, 5.731104664023424e-05, 3.755307709057162e-05]
[0.020484503320379304, 0.07208411959005175, 0.021500235965670383, 0.07366228624637523, 0.00223258318456884, 0.0009954516953024446, 0.0025975563787238457, 0.48141364714552254, 0.21591482127170378, 0.10324635867178789, 0.0007861394641306404, 0.004629109591233997, 0.00045318747454939904]
[0.006237582541692112, 0.04476060114761247, 0.01384053401119937, 0.04555798414490743, 0.0015302355394324991, 0.009106437272207434, 0.0004659964331651763, 0.5227868429637731, 0.2081059630476201, 0.14506046588760033, 0.0019428825708188737, 7.302685551265931e-06, 0.0005971717544197627]
[0.011771683927151569, 0.11249162738586882, 0.01921333648954571, 0.054308345985240855, 0.0053768061079279405, 0.000473928169373201, 0.00031687199164896556, 0.386357275042608, 0.34580497517028547, 0.059057567874682415, 0.0007018767749377908, 0.0038101503669948876, 0.0003155547137344848]
[0.013723628807191583, 0.0817906136400155, 0.011831406118898137, 0.03687675520669855, 0.0024281274251199, 0.025431652583938313, 0.0, 0.462421594329377, 0.23843872779771985, 0.12335418535031738, 0.003575306379618207, 9.34298711782024e-06, 0.00011865937398781811]
[0.035693180401007905, 0.05463887639141472, 0.00472581561251491, 0.04030708867636349, 0.00555568338951465, 0.0015993794631227643, 0.00010126856050787, 0.5220205821592353, 0.021561725665997646, 0.3067186782162921, 0.007013046057146243, 3.973577957407765e-05, 2.493962730831907e-05]
[0.010051962421064561, 0.026034751345662653, 0.00381423253183712, 0.04276960880411125, 0.0013874840746699892, 0.004404127959160431, 0.0017205257617085475, 0.7058000370355999, 0.13825652215411494, 0.06150703049386068, 0.0008955789074752812, 0.0033531738747771865, 4.964635957437994e-06]
[0.03146712010925035, 0.05178913165828978, 0.016663153076198006, 0.057210976386768066, 0.0023907634247535858, 0.004358547143528138, 0.00032402544184159806, 0.4391661715947711, 0.21163625762763152, 0.1805513948587332, 0.003981571094267993, 4.270868208598655e-05, 0.0004181789018806712]
[0.03266855066769626, 0.09364295574879031, 0.011943556007194812, 0.0344750991737756, 0.008995224053191381, 0.0010538399697515772, 9.152072782906917e-05, 0.5187664356948233, 0.25498878166639416, 0.03930285230283272, 0.003326687386029404, 0.0001891605562440829, 0.0005553360454473063]
[0.013788950966200298, 0.08630478541665676, 0.013746197006598649, 0.041762483777989856, 0.009167929296103185, 0.005948763099561971, 0.0010678886935941137, 0.630749241569863, 0.08960833975205784, 0.10190717965088252, 0.004369460311159002, 6.200767809165785e-06, 0.0015725796915235946]
[0.01944889605238389, 0.11241093356750187, 0.016699979054573693, 0.033260360549667675, 0.00685661986201878, 0.001132196152069601, 6.07646823908468e-05, 0.4210247611519288, 0.2142654281614457, 0.15857033003374615, 0.015825998419470574, 0.00042033758813429177, 2.3394724668182798e-05]
[0.02091793219925814, 0.052496204532363484, 0.012235650754853758, 0.023131986795345227, 0.00538944430884627, 7.65989688352729e-05, 0.00032372193210425057, 0.5224775005555655, 0.21270413586610273, 0.14151236359830685, 0.005061807960420427, 0.003634505888727996, 3.814663927012133e-05]
[0.016331834823729807, 0.08145972012052782, 0.00966145802552034, 0.01629616878697055, 0.003901684455090844, 0.0015424402152792887, 0.0017096232331995026, 0.5747417338481523, 0.19881668137843728, 0.08641712625894453, 0.007088477958692987, 0.0006982610341784275, 0.0013347898612764073]
[0.002673288737011088, 0.09319367535046034, 0.007593782106470981, 0.0198115405906314, 0.0021263973431932507, 0.0024234910618659744, 0.001700458416305939, 0.5332890178743749, 0.22082854496892862, 0.10687006409180552, 0.0067862715492488426, 0.0026975525652658755, 5.915344437245162e-06]
[0.027051444316192257, 0.09716384487948883, 0.0128274909224319, 0.03614393208255298, 0.015198733510354126, 0.019129782504370127, 0.001023325067230982, 0.4051766427518236, 0.20829600422145492, 0.16362188494309177, 0.008502866871083337, 0.003975307104270016, 0.0018887408256551327]
[0.00450980539630347, 0.05214898699500255, 0.015071370940274867, 0.00715386417983588, 0.003953731925201034, 0.002564000482798982, 0.00012888625294482547, 0.591968798000173, 0.02922683965791978, 0.2820785860594328, 0.008329078895385384, 0.002803767975377261, 6.22832393501083e-05]
[0.014612971391939367, 0.07735834038195537, 0.013517308474707324, 0.052073060195380994, 0.002647173593946761, 0.015666889816089408, 0.00013588654873027283, 0.5059681149599312, 0.26798000211108164, 0.04804436366262745, 0.0019501632031750267, 2.0122991236465e-05, 2.5602669198710863e-05]
[0.002638625627586375, 0.08203635200252475, 0.0108502639521353, 0.06669026942708642, 0.006922124963776071, 0.017643951439319693, 0.0004157472602768457, 0.42317148351307393, 0.26377814002272576, 0.11115547502930005, 0.010350633151465718, 0.0025926998200912306, 0.0017542337906379646]
[0.00498081078536754, 0.08115752225637791, 0.026900394348000747, 0.03716483851817793, 0.0012678976529495623, 0.0015660018914475857, 6.477739382952359e-05, 0.4622108800303718, 0.29682242596908964, 0.07121973568278614, 0.009188943160018797, 0.0012174272792842397, 0.006238345032298662]
[0.022565644353271897, 0.10838935979866812, 0.010112795803659532, 0.020483850834749975, 0.004305930750870048, 0.01523789396297431, 0.0003345061020075833, 0.3376959333301812, 0.2431507073070712, 0.22479024351211518, 0.009706773929642299, 0.0025458299914469353, 0.0006805303233416531]
[0.01264553760119847, 0.06314631823019053, 0.00799526343072058, 0.02646734642979845, 0.003970792729030977, 0.00026698296151471493, 0.0015018578665900448, 0.5583198903629449, 0.2075508322838592, 0.10965057533169198, 0.007927373572302525, 0.0, 0.0005572292001576948]
[0.002312790654934623, 0.0611526863153912, 0.022534869690850348, 0.04573886006172605, 0.0021215419666205746, 0.009743311568853854, 0.0024578072539658607, 0.5247337475353715, 0.15842579526022824, 0.15710698632062167, 0.013586001163056503, 1.685850831872469e-05, 6.87437000608898e-05]
[0.01025784364599494, 0.030209358204710185, 0.022921903258115318, 0.03253783359823385, 0.004565534189393236, 0.0011585568115008399, 0.0004775353952266342, 0.6109213987260413, 0.10260165673672465, 0.157577172849218, 0.006992788947374871, 0.0008035901702340999, 0.018974827467232083]
[0.011326214986290243, 0.05258474807226787, 0.012603554101529916, 0.018542348160232314, 0.004150095878343545, 4.685990871246907e-05, 0.0034800709155336325, 0.4283796171595372, 0.31975181214228326, 0.13275107824523255, 0.016204615353538565, 5.4794807623730924e-05, 0.00012419026887460388]
[0.01724627429618423, 0.07408126170889458, 0.007473351350822492, 0.008891859608140536, 0.0023656348605685467, 0.0013543343896346323, 8.701248409892471e-05, 0.6374952081544474, 0.08406079305407872, 0.15343716604872396, 0.010771918956723735, 0.002458845383239209, 0.00027633970444300275]
[0.005586169821267155, 0.07478899717176646, 0.029913741467701687, 0.031390840823721046, 0.00182140095326856, 0.00876895324152849, 0.0016909317402243437, 0.40917320834575593, 0.294084824259811, 0.13611120596907816, 0.0037769016592598937, 0.0024721835790726893, 0.0004206409675445895]
[0.01081687324463854, 0.05894882815729793, 0.009807048428533962, 0.02021427303693528, 0.0031921485035667557, 0.003363325194084271, 0.0006218391570227356, 0.5791268648024689, 0.2729334198854022, 0.038009858126186964, 0.002210306848175847, 0.00019321217555766195, 0.0005620024401288884]
[0.007232922440866317, 0.03698480029796079, 0.013841808130932642, 0.038124510335918925, 0.0029172974263193727, 0.0010059788273253842, 0.001576043069382777, 0.5959142366610691, 0.10079162569868491, 0.19759836074214157, 0.0035809566383467385, 8.450924687434763e-05, 0.00034695048417719845]
[0.0047887769767474345, 0.05983625465494298, 0.024465521211207278, 0.026960024832216056, 0.0023764173868419947, 0.004899326751530724, 0.004188329616828405, 0.5592952420947527, 0.14220426537883962, 0.1668908484848839, 0.00012031271389109448, 0.0030293876489814416, 0.0009452922483364247]
[0.043515825012869484, 0.07102577965588863, 0.017035964144084037, 0.03258085697062341, 0.0032828033225789062, 0.0006905082226615743, 0.0013421238175931574, 0.5076616476966442, 0.07181579271232702, 0.2476462650028984, 0.0032651221174060407, 9.068282751206343e-05, 4.6628496912984896e-05]
[0.00938111397989656, 0.02447937693846468, 0.01989070459541715, 0.01964852272355589, 0.003766979529490563, 0.001126693010590128, 0.006339756037161205, 0.7133515332260457, 0.14169880153149145, 0.0542484126348705, 0.00044190163108371835, 0.0030421591234094836, 0.002584045038522938]
[0.026101161658464454, 0.07060770038154615, 0.010491961639784438, 0.04277842249924658, 0.017611582260619922, 0.0008271479528166786, 0.008676156407042213, 0.5098977340856667, 0.02812692363782144, 0.2842638379159544, 0.00024862810090763574, 0.000143600151453701, 0.00022514330867568974]
[0.020418585938813905, 0.0687938878394708, 0.011058421390063917, 0.0277083440183004, 0.0032048303368345833, 0.009448639289248292, 0.00010944673439335886, 0.5776697418150281, 0.11091269010867619, 0.17038493611559832, 1.851661814960581e-05, 0.0002291451306144821, 4.281466480810909e-05]
[0.021461634180384104, 0.05304202844238822, 0.012056399795651086, 0.021542621776355776, 0.003689491723081184, 0.00034385784954176727, 0.0017676995576792324, 0.6345821068423916, 0.10774050993922975, 0.13785692972458857, 0.0018683640929443757, 0.003988161697004969, 6.0194378759513635e-05]
[0.051947594138272254, 0.08053470907398798, 0.018513568353188608, 0.02433223829095154, 0.006600778103445655, 0.0020567229900357044, 0.0006853615893743771, 0.539614735500899, 0.19025043043983828, 0.0775131883429715, 1.7336405119336225e-05, 0.0029398252611327865, 0.00499351151078293]
[0.050529876867141096, 0.01904287898643901, 0.020265736653115686, 0.024494092909524035, 0.0027442535868343206, 6.683259993824299e-05, 0.0006658259651007556, 0.7031199412982746, 0.039590200820017865, 0.1366355837956524, 5.178237121655504e-05, 0.0027890330487789056, 3.961097966558947e-06]
[0.11326067712812819, 0.1129378909589709, 0.01580990903620253, 0.021673310491466598, 0.004542774733507425, 0.0029174809723995715, 0.0016755408285637715, 0.5286351980375547, 0.10166115275798278, 0.0840428519720074, 0.005683235736040268, 0.0020485154659149953, 0.005111461881260945]
[0.029256694935390255, 0.08083827118690429, 0.007073637265547153, 0.024374825517372856, 0.003691294831142783, 0.00540223141822765, 0.00024401410467621802, 0.6602879089515176, 0.09489353396003933, 0.092825796217662, 0.0007699754156182744, 0.0001653898515032112, 0.00017642634439837048]
[0.0657739442901169, 0.053058015341207104, 0.007570221912814157, 0.048822882926378, 0.005043122105945767, 0.000300846320954473, 0.006265590650953304, 0.4982813786870235, 0.051014250256759694, 0.26302020030104706, 0.00046045359728425254, 0.00037298792749547894, 1.6105682020270184e-05]
[0.051626798584492026, 0.10388982346922959, 0.005790141191776644, 0.025276902747752576, 0.006123156514567104, 0.006878425689279506, 0.003255668689479634, 0.4191713038133148, 0.12518671670162418, 0.24601062413967298, 0.004485798914723122, 0.002290608750613971, 1.4030793473808166e-05]
[0.04471224986208828, 0.11596570307351702, 0.014149185182508022, 0.021883286533915053, 0.002885536868827019, 0.0037317754192860986, 0.0031760190273774263, 0.5424424713612164, 0.12847162302712883, 0.12194249077796977, 0.00018913430387201269, 0.0004115781355249983, 3.894642676913404e-05]
[0.05833929245412846, 0.09228782891756562, 0.004946434698729719, 0.03918545448573525, 0.013181401053048944, 0.000602095302092085, 0.0002969039998243324, 0.4076870077219885, 0.2202783667900011, 0.15661400488748392, 0.006329362212502024, 0.00011071205858648424, 0.0001411354183135101]
[0.06485874080302571, 0.0729659907972374, 0.01158524733449714, 0.026141865266845015, 0.004406871451053215, 0.00010604542349397384, 0.004422229405780824, 0.592497001516749, 0.20982802912782003, 0.011321997959799544, 0.0016845597544772307, 0.00011550540821341939, 6.591575100760504e-05]
[0.0829707546661402, 0.09371282622209648, 0.01462342961501471, 0.022710296078877548, 0.004158300421109886, 0.005473201973985099, 0.00018526569602292958, 0.6075280801416326, 0.14908657871153194, 0.014033659731595457, 0.003361770468352946, 0.0017705816864209425, 0.0003852545872194017]
[0.09808130976062478, 0.03452635312219248, 0.016044099183508402, 0.019354365289998288, 0.0030860818934822037, 5.061442998896539e-05, 0.0011013414391129266, 0.6313987186631898, 0.11372473911327659, 0.07439835272116287, 0.0006182680745493293, 0.0073883615825303, 0.0002273947263831077]
[0.0775784578617125, 0.05500586148751611, 0.009808719318896732, 0.034665976103353764, 0.006052688386749621, 0.00018172289047927465, 0.0005635321255232273, 0.5247849674432108, 0.16854328054075238, 0.11923284652712414, 0.00339795248122417, 0.00018053376865850612, 3.461064798912889e-06]
[0.09135623631630671, 0.10651693219081104, 0.01967572202170164, 0.023999237842841522, 0.0055247099469924715, 0.0002441574862900838, 0.000620091302213153, 0.5172396779028978, 0.15511680280503803, 0.06294419408578082, 0.0038021997953404524, 0.0019086613598204023, 0.011051376943965845]
[0.0746655241320627, 0.07461519828478325, 0.015935488957754207, 0.02255711416475072, 0.00343637807181839, 0.005507840019794429, 0.0013715659226798628, 0.4939479611384787, 0.18664017819163822, 0.10818077873309823, 0.002269955812629752, 0.00041801936833110834, 0.010453997202180492]
[0.08630968846412986, 0.09299285222001415, 0.024028185237617142, 0.014883563613023256, 0.0023934306037149667, 0.0039011376409017473, 0.011091304577458579, 0.5200038552067718, 0.12406266186285742, 0.11640877031535625, 0.0, 0.00015418235512731966, 0.0037703679030274113]
[0.06977681180316911, 0.06232525154837985, 0.007589043032164763, 0.027913983901557853, 0.00802411358595963, 0.006822510445956234, 0.0030483134947007903, 0.44120825299642935, 0.25275168937641074, 0.11028230279475748, 0.003553550444629329, 0.00021197265644935163, 0.006492203919435555]
[0.08611428142513816, 0.04963525427159777, 0.02067066452637376, 0.013778739050957521, 0.009552376555554732, 0.0013769813736686837, 0.00021284723645447062, 0.4950164564045547, 0.2059479004538379, 0.11712969668763654, 0.0002916484612548069, 8.865045900709232e-05, 0.0001845030939639422]
[0.059811093880088616, 0.059893580723456276, 0.012842845401852623, 0.031710424712423316, 0.0046203545497841055, 0.006378514899242349, 0.0003423336378972468, 0.3964437167690015, 0.3443217244240542, 0.06878070024440805, 0.001108817492330875, 0.0002124497764054675, 0.013533443489055405]
[0.08309873937857262, 0.06600307972534375, 0.006709492283477375, 0.026067343223499972, 0.003139656404823324, 0.0038071134554907285, 0.0010496956843744553, 0.6459761205370672, 0.0852875039020548, 0.07530124890100699, 0.0020998719432428086, 0.001329464697706758, 0.0001306698633392963]
[0.08429659047098524, 0.1026839247206367, 0.01848182983425369, 0.02568543568365585, 0.004270598763767711, 0.0058671450138750615, 0.002689763281193576, 0.5385823898295821, 0.13962220182308005, 0.06920202363905924, 0.0036967460221999262, 0.00017261462760276224, 0.004748736290108221]
[0.07106050712615017, 0.08635565931175261, 0.01142406287915141, 0.02923124914498449, 0.0020351082558402087, 0.0075653342707340835, 0.000432481939783255, 0.42404296200291236, 0.29887100197243094, 0.05250507216703548, 0.0033929584306371017, 0.005885048781145241, 0.007198553717442642]
[0.08943463208261901, 0.11843556577035576, 0.012718198711036549, 0.020773617977027127, 0.009148741381786502, 0.0007530496763368943, 0.0015740989482872412, 0.3745201611045924, 0.16994749833126388, 0.17192803177765342, 0.0020883741948949314, 0.02142945505314568, 0.007248574991000572]
[0.09983490790558976, 0.14006664129574578, 0.028649141571743683, 0.02133823289914299, 0.009798485713965953, 0.00014613190919145766, 0.0018672204988662783, 0.6146852108305182, 0.03967248043568358, 0.039937146114655174, 2.6894683895375925e-05, 0.0031428528904294552, 0.0008346532505724847]
[0.08313857125597242, 0.08353239519958738, 0.020608807269911017, 0.014454125145796371, 0.007074107844505963, 0.00024362149985506323, 0.000816522219266245, 0.5360873384879241, 0.11239163262156168, 0.11580422172549823, 0.0018131235989052512, 0.0055751785060958545, 0.018460354625120405]
[0.08809997009615281, 0.012640108721317371, 0.015022970876072041, 0.010515553439299668, 0.005069001613404461, 0.0018098667739414628, 0.0017344757173570493, 0.614415717822533, 0.1302048535171563, 0.11017725904896399, 0.005588001447965571, 0.0017163406659268718, 0.0030058802599094167]
[0.0903768729066923, 0.02047130632637012, 0.011797152166144097, 0.013719068707268306, 0.010430995363928452, 0.0020070232861600407, 0.0015512018260439157, 0.6051833968767661, 0.13234500540683014, 0.10169590142546231, 0.0035728928820993916, 0.003015229504705242, 0.0038339533215297236]
[0.08556679668301269, 0.01989770665733198, 0.015368601869423647, 0.015886669360369643, 0.008466690838865988, 0.003902197665472088, 0.0021979535655903843, 0.6655229170707826, 0.11050571855533554, 0.053945544527025234, 0.0026859132418953916, 0.003456791958075659, 0.012596498006819194]
[0.08724950401856676, 0.06264496311446657, 0.018636074079436533, 0.019668042036791053, 0.006622436803846274, 0.003184277431324254, 0.0010749017622650142, 0.47685583796002107, 0.20248872836573978, 0.10744009208681346, 0.003957910691915516, 0.007701343395739008, 0.0024758882530747568]
[0.08847712078407577, 0.05802631228357272, 0.010990827962749958, 0.016109778446581936, 0.010933893409932888, 0.004143819282919851, 0.0015697943668679195, 0.4818271309334127, 0.06717159169184948, 0.2242017028785755, 0.005956670261787232, 0.005035411372638687, 0.025555946325035512]
[0.12607905626891427, 0.1260107133755097, 0.021220249225750117, 0.015951309791054524, 0.00886765466099108, 0.003523875528192666, 0.0028493934711698267, 0.5964366926379907, 0.05013029741164783, 0.03594438593348191, 4.7120882823183687e-05, 0.010462772720102482, 0.0024764780923716536]
[0.12040834474877864, 0.049448822748687594, 0.015969991931645517, 0.017231320022588446, 0.012102988594802657, 0.000675200813821453, 0.002091930420955781, 0.5321190627729275, 0.15365199171901928, 0.08319679339056399, 0.004969669074613782, 0.0046464630280343144, 0.0034874207335610628]
[0.09829495382352042, 0.05366367492004439, 0.024243098025203493, 0.01610684847901768, 0.012756387609413309, 0.0038839507077206557, 0.005197590527102161, 0.5383664781664167, 0.16179970283380699, 0.07479701283374615, 0.0033093897019371267, 0.00569898777422129, 0.0018819245978496531]
[0.08411168118832757, 0.025277047183915033, 0.016558766016678553, 0.019711729368937374, 0.00895912751930522, 0.005802511556147959, 0.0041603399310050524, 0.6611613993602967, 0.11163455094269678, 0.04999588316574084, 0.0012731753155924323, 0.006196555767319782, 0.005157232684036682]
[0.08954627543740167, 0.05658695094311146, 0.025795726633934535, 0.02105345581469784, 0.008756517952613469, 0.0020690787107799672, 0.0032515285977034033, 0.5466233031665254, 0.1522462165481309, 0.08185242428433952, 0.004220222254049988, 0.0076849283013946616, 0.00031337135531720595]
[0.11022622357076194, 0.0674537123240102, 0.02515505152187563, 0.025780079367946726, 0.014928757685643489, 0.004624554403172262, 0.0025392527583034882, 0.38246834208445374, 0.22164342069953188, 0.11684094090335499, 0.0023558606666060004, 0.02042918900557727, 0.0055546150087623855]
[0.08012786330346679, 0.12145812025141647, 0.039180557629063195, 0.036131083242655834, 0.010889052090714864, 0.013298021816833077, 0.008607983728681011, 0.37527006957339004, 0.21200335046440327, 0.07615400342738608, 0.0018008580395458512, 0.008622557833641421, 0.016456478598802133]
[0.09835549097603595, 0.10910833633700437, 0.026280998411012717, 0.025850740927430026, 0.008885383673469997, 0.0025534486762275677, 0.002307955302311825, 0.4224116286845073, 0.0925072635075353, 0.19787916307760145, 0.00500964025424305, 0.0030440437924934534, 0.005805906380126934]
[0.08145911545292414, 0.11345337881582447, 0.03083316744522796, 0.027593069981707408, 0.013697284666092718, 0.011231755378793644, 0.00892959453684299, 0.3987989283380962, 0.19337329116492047, 0.09544265119065831, 0.0027976108136313414, 0.003296938517561642, 0.019093213697718735]
[0.08750566408354275, 0.07175256213413134, 0.024887070398405882, 0.027964775996282124, 0.007401110917171452, 0.0017904510872173121, 0.0019417114730959782, 0.4324376553788255, 0.15443483051983292, 0.17562283981947607, 0.00630884549218601, 0.004704157785044115, 0.0032483249147886263]
[0.1049076840411489, 0.04745482856610241, 0.02717828485537353, 0.025844697783683843, 0.007998236617079926, 0.0036371505489188505, 0.009277070481566927, 0.603022568365032, 0.11178935338788348, 0.04230333955734055, 0.0037696908701575567, 0.004568703926870983, 0.008248390998841225]
[0.09282794300728588, 0.040838996535903456, 0.02398852428462215, 0.02235372168980801, 0.008560315583213244, 0.002601726772402156, 0.0018989218762075673, 0.5977307632817231, 0.06668056953513171, 0.13249816918695845, 0.001631538095611095, 0.004570297053770956, 0.003818513097362285]
