
136628,234.1833333333333  
15212,2106.8063333333334  
20648,1568.5226666666667  
23231,1402.3633333333335  
30054,1064.5843333333335  
98374,325.49966666666666  
163451,195.856  
1324,23436.496666666662  
21036,1519.4309999999998  
808,39507.22833333333  
1355,23389.933666666664  
3083,10318.868  
11132,2877.123  
713,44724.244333333336  
3388,9346.806333333332  
166723,191.91600000000003  
4507,7072.629  
66763,479.15066666666667  
185960,172.05733333333333  
1735,18336.171333333332  
1725,18373.603666666666  
167635,191.013  
168739,189.60933333333332  
187154,170.95399999999998  
183783,174.08899999999997  
124477,257.013  
188880,169.38933333333333  
13437,2381.293  
177802,179.941  
26614,1204.3423333333333  
187102,170.995  
187914,170.27  
180894,176.87599999999998  
172137,186.05200000000002  
189321,168.99699999999999  
167198,191.412  
175102,182.739  
191247,167.33366666666666  
171732,186.341  
183264,174.58  
3247,9804.515333333335  
186015,172.10866666666666  
1450,21909.17333333333  
188296,169.94633333333334  
16398,1948.1633333333332  
190608,167.898  
187805,170.36033333333333  
163858,195.55366666666666  
171662,186.38733333333334  
153215,208.83866666666665  
23264,1375.3203333333333  
13132,2434.3463333333334  
192999,165.77333333333334  
182294,175.514  
190567,167.89233333333334  
192589,166.1336666666667  
134370,238.11533333333333  
193782,165.10500000000002  
187108,171.058  
188640,169.68699999999998  
189296,169.01966666666667  
192703,166.03466666666668  
171069,187.032  
190070,168.45066666666665  
192838,165.909  
184395,173.52633333333333  
162979,196.41533333333334  
193136,165.65566666666666  
162084,197.39733333333334  
190614,167.858  
143732,222.59633333333332  
174795,183.039  
994,31883.798333333336  
192327,166.35266666666666  
181765,176.00366666666665  
188729,169.52533333333335  
187244,170.88  
1091,28988.614  
134750,237.47433333333333  
167757,190.718  
192021,166.637  
167546,190.976  
188910,169.365  
185385,172.59533333333331  
193336,165.49733333333333  
198804,160.94566666666668  
467,67737.41399999999  
191560,167.02233333333334  
186188,171.8473333333333  
167543,190.98633333333336  
189464,168.89266666666666  
190023,168.37633333333335  
175970,181.82266666666666  
192114,166.54466666666667  
189853,168.52166666666668  
186745,171.427  
191251,167.29500000000002  
36490,876.6669999999999  
180891,176.875  
189634,168.72333333333333  
163538,195.625  
112747,283.767  
139259,229.7446666666667  
173914,184.06566666666666  
171337,186.74300000000002  
190115,168.292  
191486,167.08533333333332  
158446,201.92466666666667  
191609,166.98333333333332  
13945,2320.4396666666667  
162044,197.56300000000002  
170489,187.67133333333334  
203341,157.391  
188617,169.63666666666666  
186266,171.77133333333333  
10130,3154.046  
162716,196.629  
186580,171.48166666666665  
2807,11399.384333333333  
184636,173.28866666666667  
166573,192.191  
27296,1177.2356666666667  
186207,171.82333333333335  
25597,1249.6363333333334  
190231,168.182  
191123,167.4126666666667  
190701,167.77666666666667  
191147,167.40166666666667  
1831,17314.524666666668  
187915,170.26133333333334  
917,34670.56333333333  
13607,2347.6166666666663  
190059,168.28066666666666  
161843,197.6933333333333  
82571,387.469  
155265,206.095  
193137,165.64866666666666  
192684,166.058  
193479,165.36333333333332  
187789,170.37900000000002  
189421,168.93233333333333  
169868,188.35866666666666  
174234,183.63033333333337  
1802,17604.985666666667  
126212,253.4946666666667  
188546,169.69466666666668  
155842,205.298  
147447,216.97566666666668  
139935,228.63  
191395,167.16666666666666  
175158,182.65766666666664  
190474,167.97366666666667  
174301,183.55866666666668  
187625,170.52433333333332  
176754,181.01966666666667  
147939,216.264  
123816,258.415  
172134,185.88066666666668  
192131,166.52733333333333  
188082,170.11166666666665  
164895,194.03400000000002  
28247,1132.1116666666667  
173729,184.16233333333332  
180369,177.41100000000003  
187552,170.59033333333335  
184215,173.72766666666666  
189309,169.02  
189428,168.90933333333336  
192835,165.92233333333334  
189817,168.562  
128742,248.51466666666667  
192885,165.88333333333335  
186173,171.8766666666667  
186639,171.42633333333333  
148756,215.08433333333335  
172095,185.944  
173313,184.6016666666667  
170718,187.41866666666667  
191939,166.69766666666666  
177436,180.312  
30339,1053.701  
178062,179.69233333333332  
164234,194.809  
50380,634.9446666666666  
181673,176.11633333333336  
164039,195.048  
189747,168.62733333333333  
170929,187.17999999999998  
177129,180.63666666666666  
171092,186.99933333333334  
165797,193.13966666666667  
174300,183.56266666666667  
194221,164.73533333333333  
23002,1390.3646666666666  
164802,194.148  
143095,223.585  
183797,174.16600000000003  
165446,193.37800000000001  
173467,184.45166666666668  
183250,174.6196666666667  
191685,166.9226666666667  
1014,30956.07666666667  
166337,192.35  
175162,182.66333333333333  
172991,184.96333333333337  
133608,239.46433333333334  
173786,184.22866666666664  
188709,169.54633333333334  
191039,167.47933333333333  
146512,218.37033333333332  
106644,300.03700000000003  
140509,227.72833333333335  
160670,199.157  
65022,491.9636666666667  
117037,273.3533333333333  
182896,174.93566666666666  
173140,184.81500000000003  
41769,765.7220000000001  
177067,180.68366666666665  
162493,196.923  
167653,190.86  
169033,189.27699999999996  
170237,187.96466666666666  
174671,183.1786666666667  
189381,168.942  
57011,561.7916666666666  
174205,183.66466666666668  
192118,166.54133333333334  
188318,169.90666666666667  
122313,261.58233333333334  
191773,166.838  
172526,185.4466666666667  
171639,186.40466666666669  
137781,232.20833333333334  
185695,172.30533333333335  
2844,11175.036666666667  
190153,168.26333333333335  
171461,186.76  
176668,181.29666666666665  
138504,231.00300000000001  
78753,406.184  
28452,1123.8626666666667  
173153,184.91733333333332  
185024,172.91933333333336  
185274,172.822  
191235,167.318  
13244,2416.6210000000005  
186037,171.99099999999999  
192173,166.4933333333333  
186427,171.62800000000001  
147563,216.81633333333335  
174513,183.34066666666664  
186119,171.89833333333334  
189373,168.99833333333333  
173725,184.173  
165755,193.06866666666667  
174295,183.57066666666665  
185567,172.468  
509,62478.886  
188622,169.63433333333333  
164041,195.0473333333333  
145930,219.29100000000003  
171566,186.50033333333332  
169210,189.08933333333334  
2088,15242.075333333334  
192133,166.51666666666665  
181122,176.64666666666665  
188651,169.59533333333334  
171282,186.79833333333332  
170283,187.88733333333334  
170836,187.47433333333333  
188367,169.84666666666666  
173832,184.11599999999999  
168819,189.52200000000002  
188699,169.55966666666666  
2222,14315.032333333334  
161779,197.966  
192225,166.43766666666667  
193282,165.53566666666666  
183757,174.16133333333335  
178517,179.22533333333334  
8206,3903.539  
185859,172.20600000000002  
156169,204.87933333333334  
169748,188.61066666666667  
7438,4298.231  
189427,168.89833333333334  
191531,167.09533333333331  
177010,180.76666666666665  
138629,230.784  
165719,193.16633333333334  
171548,186.51733333333334  
191164,167.37300000000002  
191397,167.18966666666668  
188799,169.577  
164524,194.47766666666666  
94584,338.24966666666666  
174932,182.89700000000002  
192873,165.889  
51820,617.6583333333333  
61974,516.8416666666667  
189585,168.75266666666667  
163391,195.8183333333333  
192628,166.10266666666666  
185497,172.58033333333333  
190846,167.64833333333334  
180414,177.35666666666668  
191530,167.06433333333334  
192504,166.207  
187469,170.68533333333335  
136030,235.23533333333333  
182096,175.70100000000002  
193659,165.216  
190911,167.58899999999997  
191545,167.0533333333333  
175828,181.97266666666667  
184122,173.77266666666665  
191873,166.751  
187593,170.55833333333334  
6674,4779.958666666666  
174364,183.50033333333332  
191428,167.13966666666667  
184096,173.8216666666667  
172955,184.99300000000002  
188614,169.65166666666667  
181911,176.00133333333335  
180106,177.65066666666667  
191913,166.71566666666664  
182070,175.726  
191529,167.07033333333334  
183864,174.00900000000001  
160457,199.39033333333336  
165063,193.833  
166821,191.8023333333333  
191946,166.73766666666668  
170474,187.6846666666667  
176738,181.02833333333334  
172858,185.0943333333333  
184718,173.515  
18747,1712.0476666666666  
185454,172.52200000000002  
165106,193.778  
190302,168.13899999999998  
180199,177.582  
176330,181.45266666666666  
161335,198.31433333333334  
183383,174.505  
166699,191.941  
182912,174.92  
173318,184.6786666666667  
50897,630.2283333333334  
170655,187.51133333333334  
191154,167.37733333333333  
188042,170.1906666666667  
190982,167.52366666666668  
173079,184.953  
167605,190.89866666666668  
174801,183.039  
161850,197.68433333333329  
133835,239.067  
105728,302.597  
159443,200.66333333333333  
173810,184.0773333333333  
172342,185.769  
177663,180.08966666666666  
158391,201.992  
185387,172.58266666666668  
189218,169.08766666666668  
149062,214.649  
165155,194.03233333333333  
187712,170.47  
156484,204.50266666666667  
109713,291.63633333333337  
178572,179.16866666666667  
156918,203.90499999999997  
192026,166.61766666666668  
162422,196.98499999999999  
179634,178.11233333333334  
112503,284.372  
6924,4617.650666666667  
116901,273.678  
188853,169.41866666666667  
35633,897.4433333333333  
188965,169.32733333333334  
175377,182.43766666666667  
165683,193.1436666666667  
10400,3076.039666666667  
183894,173.98366666666666  
174075,183.80166666666665  
192908,165.85933333333335  
63089,507.10400000000004  
171631,186.41166666666666  
152723,209.49299999999997  
163682,195.48633333333336  
173644,184.2603333333333  
177530,180.22066666666663  
183582,174.2893333333333  
178941,178.79966666666667  
136403,234.70433333333332  
113177,282.7386666666667  
192948,165.82633333333334  
10696,2995.983  
192653,166.07166666666666  
270,110441.83066666668  
[0.008189683637128934, 0.3933334595712287, 0.006549468906491952, 0.0035527564713135774, 0.0, 0.09749759221862495, 0.032553730253504706, 0.455262184612021, 0.0, 0.00042252022171726864, 0.0, 0.0022166531319689118, 0.00042195097600002135]
[0.0031720526961888772, 0.1021456468066841, 0.006053857247113789, 0.020907045322168815, 0.0, 0.6795073121421294, 0.032780665252852434, 0.15231973665773377, 0.0, 0.0, 0.0, 0.003113683875128843, 0.0]
[0.002961776744849582, 0.02337156895298374, 0.006836133779076123, 0.031512855549519846, 0.04470888263899699, 0.6369640748632677, 0.0, 0.20737761906917712, 0.0, 0.04450861075409337, 0.0, 0.0015225937115060989, 0.0002358839365295696]
[0.040519513246167434, 0.13385596763560734, 0.034219004011740634, 0.136893562818861, 0.0, 0.17508818540282506, 0.0008555171059553794, 0.4106662029872482, 0.047516104420493845, 0.01907083370789835, 0.0, 0.0008613630751039805, 0.000453745588098854]
[0.03298721903579633, 0.0954542589443567, 0.028758518885077584, 0.10219166181081218, 0.0, 0.265181174668388, 0.00025072857919031846, 0.43840745562613187, 0.0, 0.026846136462151966, 0.0, 0.009056191367595914, 0.0008666546204990939]
[0.0015740676203548957, 0.06703634381550849, 0.0027248056429088232, 0.06046237824111775, 0.0006073586374599904, 0.0732911267453669, 0.08696207425387636, 0.7039418422427925, 0.0, 0.0, 0.0, 0.0033936178635248643, 6.384937089486028e-06]
[0.05815688874101965, 0.14209150942776452, 0.07331148492395467, 0.04569927896235305, 0.0, 0.3819040865811081, 0.008584792618880819, 0.22713872177231162, 0.0002401513304034208, 0.031242466807722725, 0.0, 0.030999056258539, 0.000631562575942446]
[0.02445297897965875, 0.13406290774534013, 0.0290176614251611, 0.13013083104507003, 0.0, 0.25526342047019507, 0.0036357768115627123, 0.34331218925041346, 0.05628915248623445, 0.023828175056735845, 0.0, 0.0, 6.9067296284497175e-06]
[0.024145954789426532, 0.10147389757121802, 0.0015408050087162867, 0.08561019390702686, 4.515062418437846e-07, 0.18478621105672471, 0.018423397633822718, 0.35865933328714766, 0.16240600809834144, 0.06128740475947314, 0.0, 0.0011092988158205373, 0.0005570435660402312]
[0.016226935320808756, 0.13320662776472006, 0.07182761558379988, 0.06126602457702392, 0.00038987223420641564, 0.07873285550716226, 0.050016187096935526, 0.49420676277661546, 0.09000116866728772, 0.00040178459216533985, 0.0, 0.0009437063814842878, 0.0027804594977903613]
[0.07502314962010231, 0.23865767516341135, 0.026768532512633957, 0.04300301349778436, 0.000239691424772803, 0.01948114961694767, 0.020202178589511476, 0.4151850656330597, 0.05640856096181583, 0.10502757947152223, 0.0, 0.0, 3.4035084384010964e-06]
[0.04009365130610769, 0.24425635990246017, 0.00387248493593166, 0.07057134920296551, 0.00762856689500511, 0.0016613463300258317, 0.0172326702013205, 0.3483899224812109, 0.09624082302335346, 0.1697639384770147, 0.0, 0.0, 0.000288887244604469]
[0.04254759154846387, 0.142891011729672, 0.0035086103266383983, 0.06730645217860384, 0.005023310698765258, 0.02769793243157939, 0.009068889911611871, 0.44473220257340235, 0.21547702982519232, 0.04165706814771561, 0.0, 0.0, 8.990062835520996e-05]
[0.053664634067507974, 0.16979038831941756, 0.005468667998909662, 0.02976108856847563, 0.0005690797552681855, 0.0014103378087105458, 0.028643953186346754, 0.47915930355325076, 0.051356067696916384, 0.17944061045285783, 0.0, 0.00021354911496161287, 0.0005223194773771517]
[0.02468135245168308, 0.22812140702767006, 0.0533272589051075, 0.058652350920256176, 0.00020562611979132328, 0.0018064438075703888, 0.00207255261722465, 0.5249907584422466, 0.04862574453010268, 0.05697436850332826, 0.0, 0.0, 0.0005421366750193636]
[0.010308269322894947, 0.3337210464719814, 0.003130870610069005, 0.062485269571818894, 0.020118674930273188, 0.004666064486903951, 0.013742631148935874, 0.4755312955512253, 0.07609987542214856, 0.0, 0.00019600248374897314, 0.0, 0.0]
[0.009733461259051498, 0.15679183792625934, 0.011402302785312365, 0.060338478970686144, 0.0005127452866767691, 0.014566491887267436, 0.008696862346063022, 0.5807531900903312, 0.09681964427940297, 0.0603135397787544, 0.0, 0.0, 7.144539019499797e-05]
[0.023155890086357458, 0.08425726936936502, 0.015862477205859437, 0.06018758600480501, 0.00043102268394508496, 0.0015924040839503256, 0.00019756472274905928, 0.6478417868936516, 0.020892216960408282, 0.14529224218493206, 7.3220917240845e-05, 1.0668025229426972e-05, 0.00020565086150641572]
[0.04205311443298808, 0.2011455918573754, 0.00950660066996446, 0.022180947408589002, 7.253305931997213e-05, 0.004411370051868142, 0.00927253436534432, 0.4318701031851173, 0.13585716094035558, 0.1423941684071862, 0.0, 5.549061545625172e-06, 0.0012303265603459052]
[0.004330982842394804, 0.15085016386318714, 0.0033004086336115663, 0.1068048450539722, 0.004947371777877995, 0.001537405816443212, 0.005797332664665069, 0.6316587898260047, 0.054836713619908495, 0.024002570950331287, 0.0045476478770647135, 0.0, 0.00738576707453893]
[0.03100084225691988, 0.13298195272137042, 0.024286827109389918, 0.09970263178469058, 0.0004981853487432577, 0.022843437470345854, 6.155684705658087e-06, 0.5197719635088648, 0.05042078349397663, 0.11771526760574828, 6.080764143270002e-05, 0.00015426138026102917, 0.0005568839935508023]
[0.008542107232114987, 0.18194637961665996, 0.0012765608423269026, 0.1118774122588924, 0.015354537472257814, 0.00949726806814279, 0.004698236217157082, 0.5481296834913857, 0.1048725064166924, 0.013108152849726051, 3.4462381567862406e-05, 5.981899787689229e-06, 0.000656711253288427]
[0.021960766689767302, 0.22181196308405937, 0.0049115612058886465, 0.012308120755250809, 0.006676579015748281, 0.004358295252866357, 0.009072932232903718, 0.45437445719843145, 0.2034003718136343, 0.06051571256669806, 6.293752482113579e-05, 0.0, 0.0005463026599305147]
[0.007974021743831727, 0.1638676579439077, 0.001930159668440634, 0.052208536003350764, 0.007157877214951125, 0.007910755540126043, 0.005383033652990464, 0.5359421950465374, 0.058200345252242235, 0.1591130406629923, 2.077904192014502e-05, 1.1458975178591227e-05, 0.00028013925353078143]
[0.0348912384330248, 0.038892167332990585, 0.002597841169930665, 0.022986215444490046, 0.012112464870589685, 0.014049840361074196, 9.527476059516496e-05, 0.547722452908199, 0.173760490430591, 0.12988504181617264, 0.011783075770000026, 0.00964063111833378, 0.0015832655840084284]
[0.02366347420074954, 0.029142958627207855, 0.0014099501070194975, 0.045283869896804246, 0.009319079718688054, 0.008396665224657637, 0.004599435757019961, 0.576900508488892, 0.1909953433384006, 0.10994691853289806, 0.0, 0.0001811084374299282, 0.00016068767023259774]
[0.06497988923551302, 0.07263758190234236, 0.002720190192762042, 0.02655886833576321, 0.005983467581694444, 0.012141596134338793, 0.0002242799382031447, 0.47392700015969325, 0.2413983939068939, 0.07854816953892693, 0.0, 0.02087378850417206, 6.774569696861086e-06]
[0.028657575958219383, 0.023863848251556373, 0.010887204087151357, 0.025755055729166754, 0.012622692895086881, 0.002737290980418327, 0.0036376889505457546, 0.5965069441710887, 0.24892656914991332, 0.035268754296425946, 0.010992997645201242, 8.829588007325287e-05, 5.508200515264364e-05]
[0.026806997148082358, 0.09204281113178034, 0.001787638289844936, 0.08216490094865397, 0.01840824160286564, 0.0025942985320842418, 0.005297596431736639, 0.470803017692871, 0.06638303252752666, 0.224787127596571, 2.725478738838098e-05, 0.007599133004581022, 0.0012979503060138525]
[0.07942635429938641, 0.07815155570127551, 0.00589354815599522, 0.10659103968500044, 0.0005689924082921758, 1.5803570304959142e-06, 0.0020350758425133875, 0.4070418335320182, 0.22499658651746207, 0.07160337232156412, 0.014082542853939806, 0.009066019083219011, 0.0005414992423031573]
[0.044573112257767535, 0.028005696520488895, 0.00690386325169665, 0.06909393564866453, 0.008605108435252704, 0.010839431103909508, 0.0008785426819770241, 0.6042023811804245, 0.12937954605519086, 0.09413698425992251, 0.002961528197812739, 0.00037535875153628633, 4.451165535632048e-05]
[0.041790548818742564, 0.07433893552515633, 0.0012330377825374803, 0.004205139725599275, 0.002022578462158338, 0.0015464454000957432, 0.001056341583213251, 0.460638583747078, 0.1399507117707424, 0.26406932014776596, 0.0, 0.009148357036910654, 0.0]
[0.03387126124846613, 0.09849777264223061, 0.0009076325438451183, 0.07812196750895672, 0.006685907169595969, 0.0018063292623163502, 0.00364214353079641, 0.4686517311954804, 0.09778308186667126, 0.20971896988929717, 2.9411272961561137e-05, 9.912965771009586e-05, 0.0001846622116720858]
[0.00958943848502762, 0.016905558239934684, 0.007180683814424937, 0.039967290150038776, 0.016520605749814312, 0.005093254401234552, 0.001285715953806907, 0.6450126532907141, 0.17139840271430387, 0.08671186535582584, 0.0, 0.00015789945513604414, 0.0001766323897382929]
[0.015295477828892512, 0.02257672750419096, 0.0014252724128387781, 0.03450347570247669, 0.008704032725763339, 0.00047376007466826, 0.0005507652378711821, 0.7084241708931457, 0.18684579248046926, 0.020681935241063328, 0.0, 0.00037606239251163363, 0.0001425275061084779]
[0.03591331853844108, 0.018526663939294905, 0.008938964609275752, 0.04208948858219438, 0.0007108724540030366, 6.488889104731808e-05, 0.00048108801544325465, 0.48057655353272943, 0.12051234539458325, 0.28786878364822, 6.668711420814082e-05, 3.882452821095e-05, 0.004211520752348558]
[0.025330274275076115, 0.01501249322994537, 0.0011147950040031548, 0.07658656080456293, 0.006909462915616301, 0.0015493503880610892, 0.0017129143691394881, 0.5230771558961772, 0.10900390920982236, 0.23919901026663465, 0.0, 0.0004713340782112987, 3.2739562750066964e-05]
[0.016411858024267867, 0.002204058245495891, 0.001000172391914325, 0.050220539854938434, 0.0059544268143143, 0.001153381221234398, 0.000253620788511849, 0.5696200658279413, 0.21989366569713428, 0.13112291768396397, 0.0, 0.000721553396769491, 0.001443740053513818]
[0.026618600967968326, 0.005697973698824212, 0.009900545688599953, 0.027355896885130834, 0.004997343176413994, 0.0025099784796830033, 0.0005899062702844195, 0.5931850082403245, 0.13289240522636084, 0.19529905622074145, 0.0, 0.0007426347086211254, 0.000210650437047412]
[0.048016836114741085, 0.023564985413206948, 0.0015872376190417972, 0.05171434170151594, 0.009331270533315691, 0.0027806906649112417, 0.003749512149707054, 0.4743785849538418, 0.1849624586375191, 0.19401860577502475, 4.869756406822675e-07, 0.005687094414038002, 0.0002078950474960251]
[0.05256106632986076, 0.013334732243128016, 0.00815540824452073, 0.07014603008361218, 0.017323864288366776, 0.008160880450894942, 0.000224420232194994, 0.4840469206268442, 0.14495908414548028, 0.19824444705867897, 0.0, 0.0006040689621994834, 0.002239077334218594]
[0.027706269165058754, 0.03130535175740827, 0.009955683339583346, 0.07769286361956099, 0.006277736344488202, 0.01566824275818348, 0.0001424046558504752, 0.4512354531494628, 0.24235953163681653, 0.13594795319638264, 0.00011347582014245137, 0.0003843552136997512, 0.001210679343362394]
[0.036520645298310096, 0.030936134360320812, 0.001722586895771272, 0.023818253363004152, 0.01411055335854217, 0.0009363213193072895, 0.00012954616961647486, 0.5212623616332012, 0.180991040436051, 0.18252305939298297, 0.0, 0.007037198995529867, 1.229877736270748e-05]
[0.03422098697530344, 0.025824816872984765, 0.007582358346948266, 0.07942200913398687, 0.000797501875102794, 0.009542764307622579, 0.00018647186224235283, 0.5713522922083901, 0.08344930692733189, 0.18586912053737542, 2.7515853851804718e-05, 0.0005094876624779283, 0.0012153674363819117]
[0.030326712329049838, 0.041324878986934696, 0.0014650389507204543, 0.052613449774320184, 0.004829496104272049, 0.002894831546066098, 0.010711038502564049, 0.5376386684826863, 0.07563805124260639, 0.23505643500566417, 0.00011561084100202276, 0.007269922614705411, 0.00011586561940837237]
[0.02550723710830976, 0.013758594690626036, 0.002350942709664705, 0.021148795226425522, 0.006947779418926655, 0.0008718238979769843, 0.00040461164886909727, 0.6331025977407646, 0.1778003936873608, 0.11711841246247545, 0.0001221491303844449, 0.0006769100641833858, 0.0001897522140325002]
[0.06095827294777349, 0.03569493646811592, 0.0009491972942719502, 0.04500875179294247, 0.015495759861850157, 0.008309783054011186, 0.00029565898543606236, 0.45883792818238056, 0.34739882862992594, 0.026000295339637484, 0.00011657169684216095, 0.0007740451071942908, 0.00015997063961850245]
[0.015368295205760427, 0.06584153478141604, 0.008942101192329369, 0.09795580405782771, 0.008544998597916468, 0.03952105426365954, 9.78969012081164e-05, 0.5392027747552344, 0.05409163076076416, 0.16119093626732467, 0.0001869789902078765, 0.0065738936568560235, 0.0024821005694951976]
[0.04388974370898702, 0.016177934314789696, 0.00625431002214067, 0.04599722326122921, 0.0058364710243005965, 0.0010042918000342982, 0.0025317025510040274, 0.5469761635700003, 0.23655824996478456, 0.09168280618068202, 3.600500320845348e-05, 0.0006447885802757422, 0.0024103100185634352]
[0.10387728233328095, 0.022928404062875978, 0.011405896389162947, 0.057084036572595184, 0.013424133565502813, 0.006041132943470138, 0.0056298315453439775, 0.3985257135337742, 0.10472453425140471, 0.27481349384466464, 0.00016107902206327775, 0.0010106457388731095, 0.0003738161969880897]
[0.03207269635274082, 0.03213222118640627, 0.011202871854570796, 0.014940640010421048, 0.006734674098756997, 0.0009345840726461431, 0.004675427308519948, 0.5272244353717449, 0.2963993431820142, 0.07265487242282234, 9.942124764428465e-05, 0.0008632390279249481, 6.55738637872026e-05]
[0.0164161788504945, 0.073276223966282, 0.004494853203339529, 0.04986293429257631, 0.0012595329719619853, 0.0007671446187069937, 0.004985573938489143, 0.5088068352242247, 0.19697990013382036, 0.13769673348058725, 0.00021004100906142932, 0.0038359019381615585, 0.001408146372294411]
[0.04152781299011195, 0.031011147073269827, 0.011003654694499106, 0.025741579516517198, 0.0008436304580135803, 5.757709138398312e-05, 0.00018927864753779668, 0.614297813949335, 0.1745925424533221, 0.09327150370551414, 4.543855227159622e-05, 0.006628297832272665, 0.0007897230359511095]
[0.010145640315231502, 0.009031554890238195, 0.006058834126744181, 0.005409598868094286, 0.0013778439298455616, 0.00066647638518157, 0.00030705808303409845, 0.6728524605381675, 0.12817868226155407, 0.16451900285676746, 0.0002149676925106394, 0.0007229797845626519, 0.0005149002680682175]
[0.026567025168489532, 0.031045621922124896, 0.0013384359604085233, 0.030611922273327163, 0.01027939442319416, 0.0007503724056331604, 0.00021648211356786425, 0.5340293614219301, 0.16489655340425816, 0.19229719953664895, 5.018013233753607e-05, 0.0072165453429601165, 0.0007009058951197199]
[0.012713400899750671, 0.019322864414551603, 0.012684005700869602, 0.016421462249570244, 0.005406243584921788, 0.0012482941814351447, 0.00017723911391526425, 0.6238657411189696, 0.2553138814263815, 0.04581285314244653, 0.00018965134637409305, 0.006538918469227826, 0.00030544435158610304]
[0.06188936958078117, 0.04249179174640327, 0.005761588599793932, 0.016480388470737028, 0.007165640758680036, 0.0004565633258019687, 0.0004101561496106697, 0.5494405420407975, 0.07289398636134055, 0.24215192411785633, 0.0, 0.0007306002116461183, 0.00012744863655140588]
[0.02124217912068381, 0.04474119901426929, 0.003030978232730524, 0.02303322172237507, 0.0013214585660126946, 0.0004217949071450503, 0.00041754227350144525, 0.6000141791934278, 0.2302229689725001, 0.07258478728195432, 9.768830877485921e-05, 0.002416914354756684, 0.00045508805186839557]
[0.07361154422820207, 0.026313297851575424, 0.0006908928638300787, 0.0034438878565430635, 0.007976802905171608, 0.002732110891154562, 0.005568547771970224, 0.4912757953144686, 0.2099558758870803, 0.17051435990697533, 0.0, 0.00769003695009238, 0.0002268475729363702]
[0.02803948826336704, 0.025233830980115522, 0.0051654680180472185, 0.013269169539915162, 0.0031921513133746763, 0.0011029328050220298, 0.0007123066753084063, 0.6036528418049764, 0.19659254277554522, 0.12041265375647767, 4.1425961101627316e-06, 0.0024283826536548197, 0.00019408881808579778]
[0.03037517574874719, 0.039043402764488165, 0.0006640152013398789, 0.006963546062346278, 0.0036606215204282536, 0.002852183287054916, 0.001407184446873317, 0.6438256422890797, 0.14926918817217744, 0.11891252079820747, 0.0, 0.0027504212227293114, 0.00027609848652807587]
[0.03836043730937889, 0.03059971101446498, 0.0008341249247821775, 0.0061390884839826, 0.0005259961251892408, 0.0028089420186672045, 0.005346769574483026, 0.6028402801464623, 0.23103265268156314, 0.07876692372876627, 0.0003067261355153094, 0.002001537432167567, 0.00043681042457708707]
[0.012853300029043354, 0.01699214861961157, 0.008286578373957996, 0.02108970827046073, 0.0007122091625119486, 0.001238440669802886, 0.0002690677286690613, 0.6243684670050589, 0.11525115976489848, 0.197563938685715, 0.0, 0.0011880169212850988, 0.00018696476898504428]
[0.022201599084076484, 0.08684995766499355, 0.0014151201802011675, 0.00827260429315445, 0.011380610726919909, 0.001248539188244505, 0.0005219332749911399, 0.5585972621962441, 0.11617097582114941, 0.19143072421458798, 0.0002807545995395626, 0.0011731659245406375, 0.0004567528313570629]
[0.007602607558854361, 0.011297546272987574, 0.00772703979947701, 0.017549878448101915, 0.0005507447254685149, 0.0016597541034230182, 0.0005256469998173001, 0.6457118897224542, 0.14775982460131393, 0.1570779315900673, 1.0429268642815473e-05, 0.0022005942064846898, 0.00032611270290731345]
[0.059408960865774706, 0.019514241980026357, 0.004441623441383988, 0.006126153375114388, 0.0015109307240526169, 0.0008736593843498387, 0.0004616631691704575, 0.6156794093709574, 0.0930152327707017, 0.1973882188810943, 0.0002464413727240616, 0.0010534203922712847, 0.00028004427237888704]
[0.03572800829842173, 0.018582672035341818, 0.000634658390169699, 0.009695419510774572, 0.004638847037158412, 0.0005081157698105329, 0.00016693392118951456, 0.6648822259345775, 0.1651150142744277, 0.09315964795203639, 9.564711011657633e-06, 0.006827956842706736, 5.093532237380873e-05]
[0.025941805355449942, 0.04140287331799584, 0.00454886261436326, 0.006878969923927045, 0.003450687075839226, 0.0001712673696493367, 9.546949177837244e-05, 0.6342376075094365, 0.12849331286974652, 0.15202017433343282, 9.952407992714417e-05, 0.0025725420465593264, 8.690401189474226e-05]
[0.05010041405794493, 0.0839150304154402, 0.004532628885518153, 0.008694599907346931, 0.004676488520010871, 0.006098153723385185, 0.0003643782810639092, 0.4788322497908924, 0.13497284095304565, 0.22479201959942144, 0.00040912083576332667, 0.0017434131364102371, 0.0008686618937568166]
[0.07627996640830197, 0.024825483340317908, 0.015839985001020768, 0.013836684698325365, 0.005966868319110995, 0.00029655990768067086, 0.0018677735058142946, 0.4610571604824414, 0.30220922421447316, 0.09257331149082665, 3.642441657610364e-05, 0.003181207962827302, 0.002029350252283455]
[0.07988698120897354, 0.012399458520408774, 0.0019351179756775016, 0.01595236785640515, 0.0012373902713021263, 0.0023829996711186804, 0.0008082664729089606, 0.35412623305340124, 0.41865369790916634, 0.10717449665781754, 0.0035130742025868415, 0.0017080083881110904, 0.0002219078121222395]
[0.019189639825481372, 0.0071243896651942435, 0.010669667462752054, 0.01576779690315663, 0.003211772623091495, 0.002321765424211814, 0.00036675845361196094, 0.5707119337373313, 0.25837796760469617, 0.10848014796776075, 6.72598274514096e-05, 0.0027313836957006763, 0.0009795168095603054]
[0.06191343771145187, 0.0709738270973414, 0.010603878607024112, 0.005031922192274945, 0.003489682935382859, 0.0014111208332716128, 0.0005945405751787282, 0.5605384582350559, 0.14108173801523302, 0.14233172673348465, 2.4278065974094572e-05, 0.001979739673659626, 2.5649324667284896e-05]
[0.006925112479370911, 0.007705812435741422, 0.004520000168426646, 0.0056011951451216966, 0.0012737930287871494, 0.0008839481423045525, 0.0005882056236354055, 0.640713719204446, 0.3290269650892332, 0.00012297206609164268, 2.3677595222071308e-05, 0.0015270632898350873, 0.0010875357317842631]
[0.042947738732919, 0.03365102610173246, 0.0010208745723613885, 0.0025923525695779335, 0.0005343740351713885, 0.0031224373142169984, 0.00020463934046785866, 0.49972649424617105, 0.2299799379363815, 0.1784134417909241, 0.00022605285665262026, 0.007176910498626634, 0.0004037200047971563]
[0.04334157449571493, 0.019801262378426186, 0.006480668142709493, 0.011558315561139208, 0.0010514596970402636, 0.0013895929470358987, 0.004741226305651872, 0.4861283423098524, 0.1503503544137474, 0.2671457845956469, 1.288031622694183e-05, 0.007699218668794561, 0.00029932016801407536]
[0.037966205580273714, 0.06395149982936804, 0.0005225402013676143, 0.022143737782511323, 0.001467745262624907, 0.0013206369401244163, 0.0020319523659333687, 0.4531929866225471, 0.16170480318250302, 0.2515877125854664, 8.733440578156624e-05, 0.003963462509905707, 5.938273159281789e-05]
[0.04169879534877797, 0.06606485320545048, 0.01091693543689805, 0.01870862263118528, 0.002221913897641785, 0.00040840501941660074, 0.0001944240438468817, 0.46991805967706257, 0.16148228633756856, 0.22602854800334496, 0.0003252958517176123, 0.0017575940983343586, 0.0002742664487548018]
[0.0333731761367569, 0.04862692901818962, 0.004195820622703734, 0.022626138449530573, 0.009485165788238903, 0.0006661660760077181, 0.0005296808388232467, 0.5674022148240269, 0.1917137665984584, 0.11439344735679129, 2.6793935154086125e-05, 0.006888952350610737, 7.174800470774177e-05]
[0.0388268927927802, 0.04257689402096301, 0.004560217298463244, 0.0025567162152437097, 0.006006137033035248, 0.0007092525200069503, 0.00010173757099900581, 0.49933438641098454, 0.23168379290912747, 0.17119411754430017, 4.502816581143934e-05, 0.0022819998246920463, 0.00012282769359298512]
[0.060870606250080596, 0.019459756023414123, 0.004332982094598941, 0.007342332640825555, 0.0031343522925782867, 0.0018010710333760318, 0.005660261401297161, 0.5517754478499514, 0.10880563720219541, 0.22385809733514658, 9.110948219158634e-05, 0.011539993125467645, 0.0013283532688767468]
[0.031385705259808265, 0.018931155630955907, 0.0008433095188387324, 0.009752999087150157, 0.002122793667411419, 0.0012675231455268915, 0.00025977175512398597, 0.6055198088318672, 0.08416082788287411, 0.2430334798903917, 0.0003299113174312955, 0.002158398287375078, 0.00023431572524518435]
[0.011954602318795334, 0.04265627405047764, 0.00047210545654093527, 0.003114024374887796, 0.005897147248035781, 0.001618527577284385, 0.0004506687814652539, 0.6503723321680022, 0.1224076075496872, 0.15813844046544873, 6.393716664389776e-05, 0.002047999575437554, 0.0008063332672932861]
[0.054644522620272695, 0.021711504311869557, 0.000557910225265141, 0.002021178777284487, 0.0015114240756863614, 0.001096113159908286, 0.0010054842434223318, 0.45833061155366545, 0.3067001117454174, 0.1466732796948573, 4.046038281196855e-05, 0.0036924295691361693, 0.0020149696404028693]
[0.030085124513115357, 0.008746147207019864, 0.0007144297374901384, 0.002875080100271897, 0.0020564678024851775, 0.003318545690822016, 0.0007265603165476708, 0.5850616613886191, 0.3164631659360569, 0.04732551554568676, 0.00010329031769393397, 0.0014422305697146377, 0.0010817808744766155]
[0.05186941224617503, 0.024398364478599686, 0.005649934251142533, 0.010396944367685845, 0.00127641489328147, 0.0005881623288034522, 0.0012766746600613081, 0.5828290093726038, 0.12693517296225412, 0.1922278802833105, 2.9865599753092736e-05, 0.002092717538543907, 0.0004294470177851003]
[0.05585377896748396, 0.035986099012008714, 0.005965203300585508, 0.016854636296542484, 0.011225795614972844, 0.004172840606747917, 0.0012639021164938132, 0.5415920766951914, 0.3014177713447227, 0.021784451088720687, 3.2540496189131785e-05, 0.0013850816821148995, 0.002465822778225915]
[0.07856065841542062, 0.0362277190702504, 0.00037149436847770624, 0.007919301467280034, 0.011022337850172308, 0.0007777410081115402, 0.0002943422010568652, 0.45561996258369347, 0.3114717818371889, 0.09513319114902966, 0.00018769794621272822, 0.00204245895781963, 0.00037131314528621797]
[0.06658141569657786, 0.053912462010492795, 0.004323917851557529, 0.011808372454022442, 0.0056743463884786636, 0.0038470574725786764, 0.0013503302401542854, 0.4474876296392991, 0.26334163396505195, 0.14037263782588502, 2.404874465258176e-05, 0.0012374386833160556, 3.870902793305033e-05]
[0.034470729247352255, 0.04013004378616328, 0.0005345329902400901, 0.00620692969099468, 0.009478915870293135, 0.003286643236507579, 0.0015609379617926946, 0.6311507938644679, 0.2364866021302952, 0.033330691586485245, 0.00022399223119556395, 0.0022899099116721862, 0.0008492774925401864]
[0.061876241814518076, 0.014245516761029501, 0.0012094969080257922, 0.0028435342916542103, 0.0068096244113821204, 0.00017328709523338584, 0.0009438112424415368, 0.6721051635690132, 0.10401032156360375, 0.1320595157877214, 6.828657945125896e-05, 0.0020961958778945525, 0.0015590040980312234]
[0.048196935482110646, 0.026259504443504347, 0.0005170678144501282, 0.005537011532351251, 0.002385397582123544, 0.0029145885274967907, 0.0018367805054136008, 0.5856350128907473, 0.14340252085253447, 0.17661381143763732, 3.098885876117872e-05, 0.0018705406139414426, 0.004799839458928028]
[0.04146953102590646, 0.027320026468980844, 0.0015358537892498142, 0.01573152626163529, 0.005910751166491896, 0.004450481359636739, 0.000979790766029009, 0.5786281473740456, 0.26125725442969183, 0.06078725839973711, 4.392337688795228e-05, 0.0017444346728019786, 0.00014102090890552498]
[0.06912282812359775, 0.07567390977712314, 0.0007524461694557835, 0.010840541733968588, 0.0015769310094955994, 0.0010468572277719335, 0.0038110522599735215, 0.4312081911358713, 0.3314163054308082, 0.07292719842013246, 6.666560976560749e-05, 0.001506127756967682, 5.094534506849032e-05]
[0.055564854226799396, 0.0318774011654952, 0.0014781573430160545, 0.006468529638854066, 0.0050035432592989305, 0.002207715706248252, 0.0023765837941561196, 0.5642272704454603, 0.2843739281432774, 0.030688200369758657, 7.28425130621055e-05, 0.01565454716690971, 6.4262276639311955e-06]
[0.041995293671414295, 0.04576468211654408, 0.0013125889290403288, 0.017595978509595305, 0.001305257442796484, 0.0033969881371638724, 0.0038129836304129734, 0.5924696850415011, 0.20343909699572496, 0.08674156034123849, 3.864876373843755e-05, 0.002103531768702427, 2.370465212725969e-05]
[0.050558742568255106, 0.04275224519651159, 0.004555998248313332, 0.005266721577470988, 0.011493359055841292, 0.006089590142542829, 0.0011254940861816318, 0.5375062863845245, 0.07294405854056724, 0.25166375720754575, 1.0378668578721909e-06, 0.01600762348762413, 3.5085637763608065e-05]
[0.04467076904549425, 0.020144907751230255, 0.0015702685067080953, 0.007399895866959483, 0.0015367179089381972, 0.002927219321954734, 0.0018055633358802898, 0.47923449393554857, 0.2958572557916297, 0.13673960042361963, 2.0148493334692153e-05, 0.007791756356303933, 0.00030140326239801765]
[0.06089757860865154, 0.03463721116765299, 0.0007169608161261604, 0.012214591854827834, 0.007626213535136194, 0.001081402911638306, 0.0011984575406629471, 0.45165249574612665, 0.2646257800952402, 0.16277009371353773, 1.2864090407099395e-05, 0.0025609467012784213, 5.40321871391139e-06]
[0.03880136854139973, 0.08078392703268342, 0.002920816789870002, 0.01782292310323918, 0.005007546558515309, 0.0007688235136757472, 0.007538735367710367, 0.5467441399549631, 0.2274826078158915, 0.06808024129178215, 0.0002415075134660298, 0.002077939466276283, 0.0017294230505273053]
[0.05606594683273923, 0.017009481964066833, 0.004491124727228706, 0.010897484177552806, 0.002499250858971356, 0.00042751597873557756, 0.0012377657094530385, 0.6469373136212341, 0.13270401166260723, 0.12639479950008095, 8.203456642017852e-05, 0.0010392742256454186, 0.00021399617526470728]
[0.05435930624341927, 0.026210200861375786, 0.0036586841165721033, 0.006780736225201957, 0.0015222309028467718, 0.002034883321982, 0.004087992670768661, 0.5068728042847783, 0.11601705534270494, 0.2719784602255106, 0.0009096149149103756, 0.005429306060835408, 0.00013872482909375956]
[0.05224351658435409, 0.07241615103964298, 0.0009781381785297365, 0.0029717432535360483, 0.002172464008014943, 0.0007852959673246374, 0.00033798928885316217, 0.45553990853591886, 0.136468720983833, 0.27196250230766594, 0.0008785736757683122, 0.002293763058935353, 0.0009512331176229318]
[0.07201649015098424, 0.05546692500725134, 0.0007496994017646218, 0.005588176862964034, 0.004347885388388387, 0.00305985607914377, 0.005457953867799373, 0.48318815359739276, 0.11639341198516932, 0.24232131189918954, 0.0021018412762046075, 0.00929439157382979, 1.390290991812581e-05]
[0.04363104130649781, 0.01919757410551941, 0.008114364553955405, 0.015863965391624157, 0.0010488470599784754, 0.0005347650928921122, 0.0025233353362724502, 0.525402494205376, 0.15240044900895808, 0.22451053701104795, 0.00025063808730983663, 0.005484219098817032, 0.0010377697417514908]
[0.03190183385960073, 0.015194352349883795, 0.0031729717612293392, 0.004875956968373503, 0.0006053724870400721, 0.0024736696238927295, 0.007850420818690425, 0.6164704159208055, 0.12687848196268284, 0.1887634958221796, 0.00011168169389406038, 0.0016286948930702035, 7.26518386572413e-05]
[0.034390296399801054, 0.06300503714267582, 0.0015697947190105154, 0.0070896573049288245, 0.0038995359965608755, 0.0005480032482875444, 0.0037329512069206303, 0.5454291598510198, 0.22954680852863948, 0.10841641229678703, 1.3954956571152343e-05, 0.001802986141156648, 0.0005554022076406748]
[0.07147577677673808, 0.040562788846469994, 0.008715535018188477, 0.011087730111363922, 0.0053027079024055256, 0.006829483938894795, 0.005490881854029216, 0.5702832725083198, 0.12359044927241, 0.15187091186204899, 1.7029760564560817e-05, 0.004735369453947086, 3.806269461951806e-05]
